|     0.612962962963 |       -0.126851851852 |
|     0.454545454545 |       0.1448863636365 |
|    0.3068484848484 |      0.08778787878788 |
|    0.3803733766235 |      0.19590367965375 |
|  0.537599206349333 |       -0.265873015873 |
|           0.771875 |                0.2875 |
|     0.688888888889 |     0.491666666666667 |
|                0.4 |                 -0.15 |
|    0.7272727272725 |        0.193181818182 |
|    0.2666666666665 |      -0.1416666666665 |
|    0.1402777777778 |      -0.1861111111111 |
|    0.6727424242424 |       0.1959393939394 |
|   0.44595238095237 |       0.3503571428571 |
|     0.166666666667 |                 0.125 |
|    0.5166666666665 |              0.171875 |
|    0.5757142857142 |      -0.1004761904762 |
|    0.6916666666665 |                  0.05 |
|  0.504320987654333 |    -0.356172839506333 |
|              0.675 |                  -0.1 |
|   0.59722222222225 |       -0.311111111111 |
|    0.0666666666667 |                     0 |
|  0.436296296296333 |   -0.0774074074073333 |
|            0.50625 |                  0.25 |
|   0.72083333333325 |                0.6375 |
|     0.461574074074 |    0.0462962962961667 |
|    0.6272727272725 |        0.118181818182 |
|                0.9 |                   0.2 |
|                0.8 |       0.3833333333335 |
|     0.333333333333 |                  0.25 |
|                0.5 |        0.166666666667 |
|    0.7333333333334 |                 -0.03 |
|  0.470833333333333 |     0.283333333333333 |
|  0.422222222222233 |   -0.0222222222223333 |
|            0.64375 |               0.04375 |
|   0.41400000000006 |      -0.0263333333334 |
|  0.280158730158667 |    -0.217460317460433 |
|  0.550757575757609 |     0.222727272727273 |
|     0.532142857143 |        0.452777777778 |
|             0.6125 |     0.319791666666667 |
|  0.697916666666667 |     0.118229166666667 |
|              0.375 |                  -0.1 |
|          0.4328125 |             0.2234375 |
|                0.6 |                 -0.05 |
|  0.285185185185333 |       0.2962962962963 |
|  0.540476190476143 |    0.0458333333332857 |
|  0.491883116883043 |        0.230303030303 |
|  0.666666666666667 |                  -0.1 |
|    0.5545454545455 |       0.0724747474748 |
|                0.2 |                   0.1 |
|               0.46 |       0.1766666666668 |
|  0.427777777777767 |     0.133333333333333 |
|              0.675 |             -0.021875 |
|     0.630909090909 |       0.5672727272728 |
|                0.3 |            -0.0671875 |
|     0.666666666667 |       -0.333333333333 |
|  0.627777777777667 |   -0.0166666666666667 |
|                0.5 |                  -0.3 |
|               0.45 |                   0.4 |
|  0.533333333333333 |    0.0555555555556667 |
|             0.4625 |      0.57916666666675 |
|  0.382407407407667 |      0.02222222222221 |
|   0.33680555555575 |     -0.04652777777775 |
|                0.1 |                   0.1 |
|    0.5733333333334 |       0.3333333333334 |
|               0.37 |      0.05958333333325 |
|                0.5 |                     0 |
|    0.4971428571428 |       0.0408928571428 |
|   0.55277777777775 |       -0.170486111111 |
|                  1 |                  -0.5 |
|  0.702272727272727 |     0.244318181818182 |
|  0.794444444444333 |    0.0666666666666667 |
|  0.596296296296333 |     0.577777777777667 |
|    0.4565476190475 |      0.26071428571425 |
|    0.6533333333334 |       0.0108333333334 |
|    0.3535714285715 |      -0.0386904761904 |
|    0.5340656565658 |      -0.0080303030302 |
|  0.557777777777833 |      -0.0719444444445 |
|     0.479861111111 |            -0.0453125 |
|    0.4916666666665 |              -0.03125 |
|     0.651623376623 |         0.13887987013 |
|             0.6125 |                0.1125 |
|  0.569791666666667 |       0.1874053030303 |
|     0.451903292181 |        0.061574074074 |
|    0.5791666666665 |               0.24375 |
|    0.5761111111112 |      0.00833333333334 |
|    0.5729545454546 |       0.4311363636364 |
|  0.544444444444333 |       0.2361111111111 |
|     0.395238095238 |     0.211904761904667 |
|                0.7 |                  0.35 |
|    0.4770666666666 |       0.2882666666666 |
|  0.682098765432333 |     0.138271604938333 |
|                0.5 |                   0.8 |
|  0.572005772005833 |    0.0596410533909833 |
|    0.5785245310245 |     0.318791486291483 |
|           0.503125 |     -0.19270833333325 |
|     0.688492063492 |       0.1502976190475 |
|    0.0666666666667 |                     0 |
|                0.4 |                   0.1 |
|              0.625 |               0.34375 |
|  0.616666666666667 |    0.0133333333333333 |
|    0.7235606060606 |       0.1784848484848 |
|               0.85 |     0.308333333333333 |
|                0.2 |                   0.2 |
|  0.337962962962967 |   -0.0560185185186667 |
|     0.546590909091 |     -0.19810606060606 |
|  0.458333333333333 |              -0.05625 |
|    0.4999999999999 |        0.311111111111 |
|  0.372263450834857 |     0.310389610389571 |
|     0.206666666667 |       -0.123333333333 |
|   0.31483585858583 |        0.136186868687 |
|  0.575757575757667 |    0.0430976430976333 |
|                0.6 |     -0.27083333333335 |
|             0.9375 |                0.6375 |
|  0.516666666666667 |     0.258333333333333 |
|    0.4958333333335 |                 0.175 |
|  0.344444444444333 |     0.141666666666667 |
|    0.5506944444445 |     0.133333333333333 |
|     0.738888888889 |    0.0333333333333334 |
|     0.617316017316 |     0.147456709956757 |
|     0.283333333333 |                 0.025 |
|    0.6666666666665 |                  0.25 |
|  0.396212121212167 |     0.711363636363667 |
|               0.15 |                  0.05 |
|                0.5 |                 -0.25 |
|  0.477777777777667 |               -0.2375 |
|  0.633333333333333 |     0.191666666666667 |
|            0.69375 |        0.343465909091 |
|     0.689116161616 |      -0.0313762626262 |
|   0.28749999999975 |                0.2125 |
|     0.578888888889 |       -0.267777777778 |
|  0.609090909090833 |     0.109949494949717 |
|           0.520625 |               -0.0275 |
|              0.625 |                  0.25 |
|                  1 |                   0.5 |
|  0.534806859806769 |     0.156919469419462 |
|              0.451 |       0.3346666666668 |
|   0.26428571428575 |      -0.2035714285715 |
|     0.504232804233 |   -0.0464285714287143 |
|    0.7066666666666 |      -0.0208333333334 |
|  0.548674242424167 |     0.165909090909167 |
|    0.3197023809526 |       0.0792857142858 |
|     0.413170995671 |  -0.00820346320345999 |
|   0.76363636363625 |        0.159090909091 |
|     0.422909090909 |      -0.1077272727272 |
|   0.64583333333325 |                0.3875 |
|  0.501111111111125 |  0.000625000000000001 |
|    0.3533333333332 |              0.238125 |
|    0.5585714285714 |      0.21347402597406 |
|  0.519047619047667 |     0.146031746031667 |
|     0.436507936508 |    0.0785714285713333 |
|               0.25 |                  0.25 |
|               0.55 |                  -0.2 |
|    0.4508333333334 |                0.0725 |
|     0.265643939394 |     0.295776515151525 |
|    0.5498863636365 |        0.202840909091 |
|   0.49277777777774 |       0.0483333333334 |
|  0.454221906565625 |      0.13446969696975 |
|  0.482070707070667 |        0.378787878788 |
|    0.4714285714286 |                 0.445 |
|  0.487878787878667 |        0.194696969697 |
|    0.6076428571428 |       0.0619761904762 |
|    0.4644345238095 |      0.05537067099555 |
|             0.3625 |                     0 |
|              0.625 |            -0.1796875 |
|  0.748611111111167 |                  0.25 |
|               0.35 |     0.198214285714286 |
|     0.237962962963 |     0.281481481481333 |
|                0.4 |               0.07125 |
|   0.37083333333325 |      0.11458333333325 |
|   0.68749999999975 |      0.11250000000025 |
|  0.718181818181667 |     0.212121212121333 |
|                0.3 |                  0.15 |
|  0.629166666666667 |   0.00416666666666666 |
|     0.651515151515 |   -0.0878787878786667 |
|  0.542081529581571 |     0.131493506493457 |
|  0.716666666666667 |    -0.108333333333333 |
|   0.57970779220775 |      0.11712662337675 |
|   0.58958333333325 |               0.08125 |
|              0.375 |                     0 |
|    0.3046536796535 |        0.008658008658 |
|     0.359025974026 |      0.11899350649356 |
|   0.46574074074075 |     0.275162037037125 |
|     0.261111111111 |       -0.161111111111 |
|  0.442424242424333 |     0.356060606060667 |
|                0.2 |                   0.1 |
|  0.415034965034923 |     0.245498251748285 |
|             0.2925 |               -0.0675 |
|  0.334045364357875 |        0.019550414863 |
|  0.425987654320856 |    0.0962037037035889 |
|     0.459199134199 |      0.29025974025975 |
|              0.625 |                 -0.45 |
|  0.570833333333333 |     0.541666666666667 |
|     0.480303030303 |        0.315340909091 |
|    0.5089285714285 |       0.1464285714285 |
|  0.484920634920571 |    0.0236291486291486 |
|  0.542424242424333 |       0.2060606060606 |
|                  1 |                     0 |
|  0.316666666666667 |                   0.2 |
|    0.3697252747252 |      0.10299450549442 |
|  0.429365079365333 |        0.290873015873 |
|  0.409245516388429 |   -0.0122887033601714 |
|                0.6 |                0.1625 |
|    0.3772727272725 |        0.568181818182 |
|            0.38125 |      0.05208333333325 |
|  0.516666666666667 |              0.303125 |
|    0.5333333333335 |       0.3083333333335 |
|  0.428521181199671 |     0.190541898577614 |
|  0.561363636363667 |     0.205909090909167 |
|    0.5408484848484 |       0.1992878787878 |
|    0.3173611111112 |      0.01555555555556 |
|  0.526530612244857 |    0.0962585034014286 |
|               0.38 |                  0.22 |
|  0.530555555555667 |   -0.0305555555555667 |
|    0.5041666666666 |      -0.1316666666666 |
|   0.60269886363625 |      0.18636363636375 |
|    0.3166666666665 |                 0.625 |
|    0.4112878787876 |       0.0257196969698 |
|               0.65 |                  -0.3 |
|                0.6 |                     0 |
|                0.5 |                   0.5 |
|     0.243253968254 |    0.0300264550264889 |
|  0.572222222222333 |     0.433333333333333 |
|               0.35 |                  0.25 |
|     0.666666666667 |        0.166666666667 |
|                0.5 |        0.136363636364 |
|              0.875 |                0.2625 |
|  0.517586580086571 |     0.204383116883143 |
|  0.449999999999925 |                0.2375 |
|  0.541666666666667 |    0.0865293560606667 |
|               0.65 |                  0.35 |
|    0.5257142857142 |                 0.005 |
|     0.354861111111 |     0.205555555555617 |
|                  1 |               -0.5625 |
|  0.526785714285667 |    0.0267857142856667 |
|   0.55520833333325 |      0.02395833333325 |
|               0.75 |                 0.375 |
|             0.4625 |                0.0875 |
|    0.5312878787879 |     -0.07636363636356 |
|   0.62291666666675 |      0.09479166666675 |
|            0.44375 |               0.24375 |
|     0.526388888889 |                 0.325 |
|  0.546296296296222 |     0.252819865319867 |
|              0.625 |                 0.375 |
|  0.271509740259675 |     0.109577922077875 |
|    0.6116666666667 |       0.1448772321429 |
|  0.691750841750667 |        0.131228956229 |
|               0.34 |      0.02222222222216 |
|               0.75 |   -0.0166666666666667 |
|                  1 |                   0.6 |
|  0.590277777777833 |   -0.0307291666666667 |
|     0.684090909091 |        0.164393939394 |
|     0.374107142857 |        0.174107142857 |
|  0.437327441077333 |       0.0937584175085 |
|   0.39791666666675 |              0.153125 |
|    0.6583333333334 |       0.3366666666666 |
|               0.75 |        0.468181818182 |
|             0.6975 |     0.446628787878838 |
|               0.54 |               0.15625 |
|                0.7 |     0.233333333333333 |
|              0.425 |             0.1484375 |
|               0.43 |                 -0.01 |
|    0.7155555555556 |      -0.0411111111112 |
|                0.3 |                 -0.05 |
|  0.726360544217714 |    0.0132653061224286 |
|  0.833333333333333 |     0.183333333333333 |
|              0.385 |                 0.055 |
|   0.45624999999975 |     0.042187499999925 |
|  0.492424242424333 |     0.272727272727333 |
|     0.543253968254 |     0.139087301587333 |
|  0.320833333333333 |   -0.0291666666666667 |
|     0.750505050505 |        0.659595959596 |
|  0.482142857142857 |     0.222619047619143 |
|     0.333333333333 |                  0.25 |
|    0.8073593073594 |       0.2438744588744 |
|     0.577777777778 |                   0.4 |
|   0.21666666666675 |     -0.03333333333325 |
|    0.5726785714285 |      0.06601190476175 |
|  0.521031746031714 |     0.240909090909143 |
|      0.65386002886 |   0.00515331890335714 |
|   0.53333333333325 |      0.31666666666675 |
|     0.511111111111 |     0.316666666666667 |
|   0.55833333333325 |      0.14479166666675 |
|  0.576872895622833 |      0.13164983164985 |
|  0.620051160960182 |     0.155863833136455 |
|    0.6060185185185 |     0.139728009259167 |
|  0.561125541125429 |     0.276861471861571 |
|                  1 |                     1 |
|     0.454545454545 |        0.136363636364 |
|    0.8411428571428 |       0.0481428571428 |
|  0.422347883597833 |     0.128968253968167 |
|     0.338888888889 |    0.0583333333333333 |
|  0.487698412698333 |     0.220833333333383 |
|  0.327083333333233 |       0.0972222222222 |
|  0.569315375981922 |    0.0142143658811444 |
|    0.3233333333332 |     -0.02666666666676 |
|    0.4055555555555 |     0.158333333333333 |
|  0.502579365079286 |    0.0564935064934143 |
|              0.475 |                0.1575 |
|               0.55 |                   0.6 |
|     0.488888888889 |    0.0444444444444333 |
|    0.5085281385282 |         0.34012987013 |
|                0.7 |                   0.3 |
|    0.4716666666666 |       -0.023888888889 |
|  0.590572390572333 |       0.2358164983165 |
|  0.368333333333333 |                 -0.25 |
|  0.411111111111333 |   -0.0666666666666667 |
|  0.586904761904857 |    -0.398809523809571 |
|     0.333333333333 |                  0.25 |
|               0.55 |                  0.55 |
|  0.430158730158667 |    0.0981646825397333 |
|                  1 |                     0 |
|     0.416865079365 |     0.188961038961017 |
|                0.5 |                     0 |
|                0.5 |                   0.5 |
|    0.4633968253968 |       0.0571774891776 |
|             0.3625 |                0.1375 |
|  0.529166666666667 |     0.329166666666667 |
|  0.585714285714286 |     0.428571428571429 |
|                0.7 |      0.64916666666675 |
|  0.542162698412667 |     0.220866402116483 |
|    0.4256169871795 |    -0.152675137362675 |
|              0.725 |                  0.25 |
|     0.333333333333 |                0.3125 |
|    0.5744444444444 |       0.3061111111112 |
|               0.85 |                  0.45 |
|    0.5772727272725 |       0.1352272727275 |
|   0.70416666666675 |             0.3015625 |
|    0.6431313131312 |       0.3689393939394 |
|  0.458333333333333 |                     0 |
|  0.233333333333333 |       -0.026388888889 |
|   0.49166666666675 |                   0.1 |
|  0.666666666666667 |     0.666666666666667 |
|     0.454545454545 |        0.136363636364 |
|  0.475108225108143 |     0.224377705627857 |
|               0.78 |                  0.04 |
|  0.331468253968175 |      0.14809523809525 |
|             0.4375 |      0.05277777777775 |
|               0.65 |                 0.625 |
|  0.403030303030286 |   -0.0805194805194286 |
|               0.55 |                     0 |
|             0.7125 |                0.6375 |
|                0.8 |                  -0.6 |
|  0.427777777777667 |   -0.0333333333333333 |
|                0.3 |                     1 |
|    0.5309343434345 |     0.163794191919167 |
|  0.577777777777667 |    0.0546296296296667 |
|  0.686111111111111 |       0.1962962962963 |
|  0.616666666666667 |     0.616666666666667 |
|  0.498641975308556 |     0.227129629629633 |
|  0.614583333333333 |     0.541666666666667 |
|                0.1 |                0.3375 |
|  0.463162878787875 |        0.274443655303 |
|                0.6 |                   0.7 |
|    0.3333333333334 |                 0.255 |
|              0.475 |     0.397222222222223 |
|     0.556398809524 |       0.3028273809525 |
|   0.42083333333325 |                0.3125 |
|                0.5 |   -0.0833333333333333 |
|    0.4866666666666 |                  0.16 |
|    0.3295454545455 |       -0.030303030303 |
|                0.4 |                   0.1 |
|    0.7272727272725 |        0.368181818182 |
|    0.4666666666665 |                 0.475 |
|    0.5469047619048 |       0.3398214285714 |
|               0.25 |     0.145454545454667 |
|  0.596296296296333 |        0.248148148148 |
|  0.447180134680142 |     0.319917929292917 |
|              0.625 |       0.3583333333335 |
|               0.65 |                0.1125 |
|     0.616666666667 |                 0.525 |
|     0.691212121212 |      0.43587121212125 |
|               0.25 |       0.3482142857145 |
|    0.5969696969695 |      0.32962662337657 |
|               0.86 |                  0.37 |
|  0.553703703703667 |     0.128240740740633 |
|   0.43277777777774 |       0.3558585858586 |
|                0.5 |                0.0625 |
|  0.225595238095175 |       0.1214285714285 |
|                  1 |                     0 |
|    0.5004761904762 |       0.1988095238096 |
|                0.5 |               0.15625 |
|  0.829166666666667 |       -0.076388888889 |
|  0.515608465608333 |    0.0882936507936666 |
|     0.333333333333 |                  0.25 |
|   0.58238636363625 |      0.32386363636375 |
|   0.52333333333334 |                0.0825 |
|  0.477777777777667 |     0.183333333333333 |
|    0.5604761904762 |       0.2121428571428 |
|    0.4792424242424 |       0.2389393939394 |
|  0.611904761904667 |        0.445238095238 |
|    0.5511111111112 |       0.1338888888888 |
|   0.48863636363625 |        0.184090909091 |
|    0.5164366883116 |      0.36173160173167 |
|  0.394444444444333 |    0.0227272727272667 |
|  0.808333333333333 |     -0.28935185185185 |
|                  1 |                -0.875 |
|     0.460909090909 |       0.2639393939396 |
|              0.125 |                     0 |
|   0.50666666666674 |                 -0.09 |
|  0.327777777777675 |      -0.0069444444445 |
|  0.457407407407333 |        0.220707070707 |
|     0.888888888889 |                 -0.25 |
|  0.660009182736545 |     0.283453856749273 |
|              0.425 |                   0.5 |
|                  1 |                   0.6 |
|  0.540404040403667 |     0.395707070707333 |
|               0.25 |               0.09375 |
|               0.71 |              0.523125 |
|     0.821428571429 |        0.354444444444 |
|               0.55 |                   0.6 |
|               0.41 |                  0.27 |
|  0.547189836678441 |     0.108894956054045 |
|    0.3660984848485 |     0.157954545454633 |
|               0.65 |                -0.525 |
|            0.41875 |               0.03125 |
|  0.512233445566778 |     0.186910774410778 |
|   0.63863636363625 |        0.109090909091 |
|                0.5 |                     0 |
|                  1 |                   0.5 |
|     0.583333333333 |        0.416666666667 |
|  0.584722222222233 |     0.231944444444333 |
|     0.655720899471 |    -0.161871693121633 |
|   0.59166666666675 |               0.13125 |
|   0.42166666666675 |      0.07833333333325 |
|  0.533333333333333 |   -0.0583333333333333 |
|    0.3588888888889 |       0.0394444444444 |
|     0.590303030303 |       0.2457575757576 |
|     0.596212121212 |    0.0363636363636667 |
|    0.6233333333332 |       0.1226666666666 |
|               0.43 |                  0.18 |
|  0.592857142857143 |    0.0641581632652857 |
|                0.8 |               -0.3625 |
|  0.780555555555667 |     0.177777777777667 |
|              0.375 |               0.31875 |
|  0.402777777777767 |                  0.05 |
|     0.454545454545 |        0.136363636364 |
|  0.722222222222167 |     0.183333333333333 |
|                0.7 |                 -0.05 |
|  0.630934343434333 |   -0.0539772727273333 |
|   0.44583333333325 |       0.1583333333334 |
|  0.381313131313333 |     0.245075757575667 |
|  0.866666666666667 |                 0.625 |
|  0.450378787878833 |     -0.06953914141405 |
|  0.484722222222167 |     0.265972222222167 |
|     0.651515151515 |     0.342003367003667 |
|  0.615782828282667 |        0.340845959596 |
|   0.52033730158725 |    0.0717757936507375 |
|  0.372222222222333 |                -0.225 |
|               0.55 |                  0.35 |
|    0.7886071428572 |       0.3536071428572 |
|   0.27500000000015 |       -0.122222222222 |
|               0.15 |                 0.125 |
|  0.567267917267889 |     0.166456228956256 |
|               0.75 |                   0.3 |
|     0.465238095238 |        0.187142857143 |
|            0.56175 |              -0.02675 |
|  0.566329966329667 |     0.332491582491667 |
|    0.6384595959596 |      0.17101010101018 |
|     0.460606060606 |   -0.0234848484846667 |
|   0.42708333333325 |               0.06875 |
|               0.45 |                     0 |
|    0.5367213804715 |     0.219704203493167 |
|     0.336111111111 |    -0.112626262626333 |
|              0.675 |     0.191666666666667 |
|     0.390277777778 |       0.3166666666665 |
|                0.4 |                   0.8 |
|  0.258333333333333 |    0.0916666666666667 |
|                0.6 |     0.377777777777667 |
|  0.318181818181667 |     0.170454545454667 |
|                0.4 |                  -0.3 |
|            0.48125 |                   0.3 |
|   0.28333333333335 |      -0.1145833333335 |
|                0.3 |                  -0.1 |
|  0.572222222222283 |     0.186111111111167 |
|     0.597222222222 |        0.186111111111 |
|  0.488095238095333 |    0.0261904761904667 |
|                  1 |                   0.5 |
|   0.80833333333325 |      0.20989583333325 |
|   0.36428571428575 |      0.08333333333325 |
|  0.440259740259714 |     0.287256493506571 |
|   0.33278769841275 |     0.226190476190475 |
|   0.47408008658025 |      0.28579545454545 |
|  0.561026936026667 |     0.286479377104333 |
|                0.6 |                  -0.4 |
|    0.3866666666666 |                 -0.04 |
|               0.45 |                  0.25 |
|               0.76 |       0.4430555555556 |
|    0.6238333333333 |       0.1096944444444 |
|     0.333333333333 |                  0.25 |
|  0.500180375180333 |        0.170622895623 |
|  0.604861111111167 |     0.335416666666667 |
|             0.6625 |      0.28806818181825 |
|  0.603072390572333 |   0.00189393939400001 |
|  0.580972222222125 |     0.171527777777875 |
|    0.4969696969695 |        0.277840909091 |
|     0.408333333333 |                     0 |
|     0.527777777778 |        0.402777777778 |
|    0.5701388888889 |  -0.00152777777780001 |
|              0.925 |       0.2229166666666 |
|               0.56 |              0.421875 |
|  0.379166666666567 |   0.00555555555566667 |
|     0.458333333333 |                 0.075 |
|  0.557638888888833 |     0.433333333333333 |
|                0.7 |    -0.357142857142857 |
|     0.786111111111 |      0.59947916666675 |
|  0.659722222222333 |     0.208333333333333 |
|     0.609090909091 |     0.506060606060667 |
|             0.5175 |     -0.10291666666675 |
|    0.4055555555555 |             0.3484375 |
|     0.736111111111 |       0.4583333333335 |
|  0.417857142857143 |      -0.0477581941868 |
|                0.7 |             0.1953125 |
|   0.56666666666675 |               0.16875 |
|    0.6575757575756 |       0.3146266233766 |
|  0.644444444444333 |     0.277777777777667 |
|     0.409706439394 |    0.0620265151515412 |
|    0.8166666666665 |                0.5375 |
|               0.65 |                   0.3 |
|  0.562229437229429 |     0.428787878787857 |
|              0.525 |                  0.05 |
|  0.483333333333333 |      -0.0861111111111 |
|                0.4 |                   0.1 |
|   0.33333333333335 |                  0.35 |
|   0.63945707070725 |        0.035890151515 |
|               0.35 |    0.0777777777776667 |
|    0.5971428571428 |      -0.0635416666666 |
|    0.4555555555555 |       0.1805555555555 |
|     0.351515151515 |      -0.0545454545455 |
|  0.455555555555667 |       -0.211111111111 |
|     0.333333333333 |                  0.35 |
|     0.559090909091 |     0.672727272727333 |
|     0.660909090909 |       0.3736742424244 |
|           0.678125 |     -0.02395833333325 |
|  0.606755050504875 |     0.237026515151612 |
|  0.599470899470833 |     0.238822751322767 |
|  0.363419913419667 |     0.152056277056333 |
|             0.4375 |    -0.094791666666625 |
|                0.5 |               -0.1875 |
|    0.6516666666666 |        0.317803030303 |
|  0.520249433106571 |      -0.1454648526077 |
|   0.53333333333325 |            0.13828125 |
|  0.855952380952429 |     0.163095238095286 |
|                0.6 |                 -0.05 |
|                0.8 |                 0.375 |
|             0.6025 |              0.266875 |
|  0.641269841269857 |     0.310714285714286 |
|     0.609090909091 |       0.2727272727275 |
|  0.513383838383833 |  2.70562769849973e-05 |
|  0.507908163265286 |     0.232312925170043 |
|    0.6785714285715 |       0.5761904761905 |
|  0.623452380952428 |     0.293273809523857 |
|                0.5 |               -0.1875 |
|  0.616161616161667 |   -0.0984848484846667 |
|                  1 |                     0 |
|             0.7625 |                0.3875 |
|            0.49375 |     -0.08579545454545 |
|                0.9 |                   0.6 |
|     0.438888888889 |     0.141666666666667 |
|    0.4180555555555 |        0.115277777778 |
|  0.494841269841167 |    0.0684523809523333 |
|                  1 |                     1 |
|  0.657407407407333 |        0.425925925926 |
|     0.477196969697 |      0.02007575757576 |
|               0.75 |                0.5375 |
|    0.5916666666665 |      0.47682291666675 |
|    0.6243506493505 |        0.034090909091 |
|  0.339393939393667 |     0.102272727272867 |
|     0.454545454545 |        0.136363636364 |
|    0.5810541310542 |       0.5733333333334 |
|            0.16875 |              -0.01875 |
|    0.3857142857145 |       0.2732142857145 |
|     0.567857142857 |        0.428571428571 |
|             0.2875 |    -0.085416666666675 |
|  0.287500000000175 |      -0.0916666666665 |
|                0.5 |     0.283333333333333 |
|   0.23131313131305 |     0.281060606060667 |
|                0.3 |                     1 |
|                  1 |                 0.375 |
|   0.48472222222225 |             -0.078125 |
|  0.416666666666667 |     0.133333333333333 |
|                0.2 |                  -0.1 |
|  0.480555555555667 |     0.258333333333333 |
|   0.68636363636375 |      0.08352272727275 |
|     0.631349206349 |    -0.138095238095333 |
|             0.4875 |      0.13333333333325 |
|     0.454545454545 |       0.1534090909095 |
|   0.46979166666675 |    -0.030208333333325 |
|                0.9 |                  -0.5 |
|               0.67 |                  0.05 |
|    0.4416666666665 |                -0.075 |
|  0.634722222222167 |     0.173263888888917 |
|            0.50625 |     0.189583333333333 |
|  0.456313131313167 |     0.331060606060667 |
|                0.7 |                  0.75 |
|  0.345959595959333 |      0.28434343434355 |
|   0.38333333333335 |                 0.125 |
|     0.531313131313 |       0.4477272727275 |
|   0.44583333333325 |                  0.15 |
|     0.493939393939 |       0.3348484848485 |
|     0.562662337662 |     0.269155844156043 |
|     0.433333333333 |                   0.2 |
|   0.52291666666675 |             -0.028125 |
|  0.374999999999925 |      0.19270833333325 |
|    0.2901515151515 |       0.2566287878787 |
|  0.583333333333333 |        0.587037037037 |
|    0.4439102564105 |     -0.38846153846155 |
|  0.433333333333333 |     0.258333333333333 |
|  0.499956491320091 |     0.118799357208418 |
|   0.56927083333325 |    0.0945312500000375 |
|                  1 |                   0.6 |
|     0.619126984127 |       0.3888492063492 |
|    0.4604166666666 |               0.01875 |
|     0.173737373737 |       -0.010101010101 |
|                0.8 |                  0.15 |
|  0.637878787878833 |  -0.00565025252519667 |
|    0.6339285714285 |       0.1839285714285 |
|    0.4333333333335 |                0.3625 |
|                0.5 |                   0.5 |
|               0.64 |       0.1548484848485 |
|     0.571381974507 |     0.337486847643138 |
|     0.542380952381 |     -0.08428571428572 |
|  0.583982683982614 |     0.345670995671043 |
|  0.422993827160444 |    0.0598765432098889 |
|     0.628373015873 |     0.162103174603171 |
|    0.5069444444445 |     0.102777777777783 |
|              0.725 |                  0.25 |
|  0.373333333333333 |     0.274949494949667 |
|               0.35 |                 -0.05 |
|  0.502777777777667 |     0.276620370370333 |
|               0.45 |     0.295454545454545 |
|  0.742023809523875 |      0.14757440476195 |
|   0.51666666666675 |             0.2046875 |
|  0.711986531986333 |     0.137929292929333 |
|  0.379292929292667 |     0.148232323232333 |
|              0.675 |                -0.425 |
|               0.45 |                  0.25 |
|    0.2397727272725 |        0.068181818182 |
|               0.56 |                  0.24 |
|    0.7054713804715 |        0.294696969697 |
|    0.4783333333334 |                0.1925 |
|    0.4454545454545 |      0.22414772727275 |
|                  1 |                  -0.5 |
|               0.19 |     -0.04111111111116 |
|                  1 |                 -0.75 |
|     0.277272727273 |       0.0681818181818 |
|   0.60272727272727 |       0.2905681818182 |
|     0.561111111111 |     0.441666666666667 |
|           0.559375 |       0.3166666666665 |
|                  1 |                     0 |
|     0.216666666667 |      -0.0833333333333 |
|                0.5 |     0.166666666666667 |
|               0.25 |                  0.25 |
|    0.6666666666666 |                  0.14 |
|  0.596666666666667 |                  0.42 |
|  0.501818181818125 |     0.002253787878875 |
|                  1 |                   0.8 |
|    0.6944444444445 |                 0.575 |
|               0.65 |                 0.075 |
|  0.309027777777833 |    0.0951388888888333 |
|    0.5276515151515 |       0.1857954545455 |
|    0.4083333333335 |   0.00833333333342501 |
|   0.30333333333335 |                  0.08 |
|  0.448214285714286 |    0.0397321428571429 |
|             0.3625 |               0.34375 |
|   0.38806818181825 |     -0.00326704545455 |
|  0.343452380952333 |        0.047619047619 |
|               0.66 |                 0.635 |
|   0.57787878787875 |      0.14761363636363 |
|  0.778030303030333 |     0.131186868686833 |
|                0.4 |                  -0.4 |
|  0.642255892255667 |    -0.150841750841633 |
|     0.417424242424 |      0.11751893939395 |
|     0.602922077922 |       0.0555194805195 |
|                  1 |                  0.55 |
|  0.433333333333333 |     0.666666666666667 |
|     0.588492063492 |     -0.10357142857145 |
|  0.791666666666667 |                 0.525 |
|  0.533333333333333 |     0.466666666666667 |
|               0.75 |               -0.3125 |
|    0.7133333333334 |      0.14499999999986 |
|  0.463095238095333 |     0.133333333333333 |
|     0.175738095238 |      0.12914285714286 |
|                0.5 |     0.166666666666667 |
|                  1 |                     0 |
|  0.455555555555667 |     0.155555555555667 |
|                0.3 |                   0.1 |
|   0.44431818181825 |      0.11704545454545 |
|              0.525 |               0.11875 |
|    0.3888888888888 |       0.4933333333334 |
|                0.6 |                 0.175 |
|  0.460416666666675 |                0.0875 |
|     0.498787878788 |      0.05863636363636 |
|  0.557482993197286 |     0.281292517006714 |
|                0.4 |        0.568181818182 |
|                0.8 |                  0.65 |
|  0.400462962962833 |     0.179340277777667 |
|  0.516666666666667 |       -0.060606060606 |
|   0.56770833333325 |              -0.16875 |
|    0.5233928571428 |       0.3288095238094 |
|                0.2 |                   0.2 |
|               0.67 |       0.1114583333333 |
|                0.4 |                   0.4 |
|                0.5 |                   0.5 |
|     0.334722222222 |       0.1736111111111 |
|     0.717803030303 |        0.271590909091 |
|  0.707467532467571 |     0.354504870129857 |
|   0.90227272727275 |      0.12386363636375 |
|     0.566666666667 |                  -0.3 |
|               0.45 |                 0.075 |
|  0.473268398268286 |  0.000284090909142831 |
|              0.475 |                   0.1 |
|     0.731313131313 |    0.0435606060606667 |
|    0.3421212121212 |      0.14363636363636 |
|               0.05 |                 -0.05 |
|               0.59 |       0.2788888888889 |
|              0.175 |                0.1625 |
|                0.5 |                   0.5 |
|    0.4455555555556 |      0.08944444444444 |
|  0.866666666666667 |     0.566666666666667 |
|  0.371428571428571 |    0.0678571428571429 |
|     0.505808080808 |     0.260984848484817 |
|  0.497191697191714 |     0.156868131868129 |
|     0.322222222222 |        0.065277777778 |
|  0.925555555555667 |   -0.0966666666666667 |
|  0.520490620490428 |     0.192099567099571 |
|  0.535374149659857 |   0.00875850340141428 |
|                0.8 |                   0.4 |
|                0.8 |                 0.225 |
|                0.3 |                   0.4 |
|  0.544444444444333 |                   0.2 |
|                  1 |                     1 |
|    0.4954166666668 |      -0.0854166666666 |
|  0.933333333333333 |     0.140277777777667 |
|  0.766666666666667 |   -0.0166666666666667 |
|     0.454545454545 |        0.170454545455 |
|    0.5083333333334 |       0.1491666666666 |
|  0.898958333333333 |     0.182291666666667 |
|                0.6 |                 -0.05 |
|  0.284090909090667 |        0.153409090909 |
|    0.2166666666665 |               0.30625 |
|                0.8 |                   0.4 |
|  0.508333333333333 |                  -0.2 |
|                0.1 |                 -0.05 |
|               0.25 |                 -0.25 |
|              0.625 |                 0.375 |
|  0.562631416202857 |     0.182287157287143 |
|                0.6 |                   0.5 |
|  0.809523809523857 |    -0.283333333333286 |
|  0.563841540404125 |      0.34805871212125 |
|                0.3 |                     1 |
|    0.7136363636365 |        0.084090909091 |
|    0.4657142857142 |      -0.0533035714286 |
|  0.595833333333333 |     0.283333333333333 |
|    0.5933333333334 |                   0.4 |
|    0.4783333333334 |      0.13972222222206 |
|               0.15 |                   0.4 |
|     0.465476190476 |    -0.119642857142857 |
|      0.63069760101 |     0.284382891414275 |
|   0.31666666666674 |                -0.035 |
|    0.0666666666667 |                     0 |
|                0.2 |                  0.25 |
|   0.40972222222225 |      0.31041666666675 |
|                0.4 |                   0.4 |
|            0.28125 |                0.1625 |
|  0.493362193362143 |    0.0922348484849571 |
|              0.325 |                   0.4 |
|     0.526666666667 |                0.4025 |
|    0.5444444444445 |     0.352083333333333 |
|               0.65 |                 0.175 |
|    0.4868686868685 |       0.1248106060605 |
|  0.372222222222233 |     0.666666666666667 |
|               0.74 |                -0.035 |
|              0.625 |                 0.025 |
|                  1 |                   0.5 |
|     0.641414141414 |     0.275757575757567 |
|  0.571048280423333 |     0.243154761904833 |
|   0.41363636363625 |      0.42305871212125 |
|             0.4175 |      0.19416666666674 |
|  0.483928571428667 |     0.255357142857133 |
|              0.525 |                 0.225 |
|   0.33047619047614 |      0.06904761904768 |
|  0.543109668109571 |     0.269282106782143 |
|     0.557142857143 |     0.185714285714333 |
|               0.82 |                  0.06 |
|   0.33181818181825 |     -0.13295454545455 |
|    0.5366666666666 |                  0.18 |
|             0.4125 |     -0.28750000000015 |
|               0.25 |                  0.45 |
|  0.294444444444333 |     0.202777777777667 |
|                  1 |                  -0.5 |
|               0.85 |                   0.4 |
|   0.68333333333325 |  -0.00624999999999998 |
|    0.4858585858585 |       -0.072159090909 |
|  0.453503787878833 |      0.24851641414145 |
|               0.95 |               -0.0125 |
|     0.361111111111 |     0.309722222222333 |
|             0.8375 |              0.165625 |
|  0.468181818181667 |     0.212121212121333 |
|   0.81363636363625 |        0.584090909091 |
|    0.4666666666665 |      -0.1583333333335 |
|                0.4 |                  -0.3 |
|  0.739339826839714 |    0.0795995670995714 |
|     0.427272727273 |       -0.131818181818 |
|   0.49965277777775 |                0.1375 |
|    0.6405555555556 |       0.2322222222222 |
|               0.65 |                   0.5 |
|    0.5782222222222 |       0.1662222222222 |
|   0.44583333333325 |               0.30625 |
|   0.41527777777775 |              0.215625 |
|                0.4 |                0.1625 |
|   0.44333333333334 |                0.4425 |
|     0.408928571429 |        0.311011904762 |
|    0.5535714285715 |                 0.125 |
|    0.6610443722944 |     0.107145562770665 |
|  0.583333333333333 |                  0.45 |
|  0.319135802469111 |   -0.0395061728395556 |
|  0.555555555555333 |        0.287037037037 |
|     0.520476190476 |       0.2807142857142 |
|    0.4745445526695 |     0.134476461038875 |
|               0.55 |                   0.6 |
|    0.6166666666665 |       0.2166666666665 |
|  0.502389770723111 |        0.362380952381 |
|  0.469444444444429 |     0.520436507936571 |
|  0.607407407407667 |     0.237037037036933 |
|              0.825 |                 0.675 |
|     0.348148148148 |    -0.254320987654333 |
|  0.498268398268286 |     0.187148268398286 |
|    0.6569047619048 |      0.08023809523802 |
| 0.0916666666665667 |      -0.0888888888889 |
|     0.638888888889 |     0.377083333333333 |
|     0.587962962963 |     0.167129629629667 |
|   0.56904761904754 |      0.21238095238086 |
|  0.416666666666667 |     0.102777777777667 |
|   0.68238636363625 |        0.230965909091 |
|         0.78671875 |           -0.02421875 |
|    0.2166666666665 |      -0.0583333333335 |
|               0.45 |              0.246875 |
|    0.7054545454546 |       0.1336363636364 |
|  0.541666666666667 |               0.31875 |
|               0.45 |                  -0.2 |
|  0.666666666666667 |     0.166666666666667 |
|                0.9 |       0.2791666666665 |
|     0.512626262626 |     0.234343434343433 |
|                0.1 |                     0 |
|                0.6 |                   0.2 |
|             0.5925 |                 -0.08 |
|    0.5916666666665 |      0.27083333333325 |
|     0.473611111111 |       0.3493055555555 |
|  0.563257575757667 |     0.306818181818217 |
|                0.5 |                   0.5 |
|     0.313888888889 |       -0.238888888889 |
|   0.56041666666675 |      0.05208333333325 |
|                0.3 |                   0.1 |
|                0.4 |                  0.35 |
|   0.37916666666655 |      -0.0595486111111 |
|             0.5625 |     0.104166666666667 |
|  0.365259740259714 |    0.0162337662338286 |
|              0.575 |  -0.00833333333333334 |
|    0.5333333333334 |               0.30125 |
|              0.316 |        0.042409090909 |
|    0.4339285714285 |       0.3214285714285 |
|                0.6 |                   0.5 |
|    0.6433333333335 |     -0.03958333333335 |
|    0.5562878787878 |     -0.00628787878783 |
|    0.5288194444445 |     -0.12222222222225 |
|    0.5291666666665 |     0.107291666666675 |
|    0.0666666666667 |                     0 |
|             0.4875 |                0.2875 |
|   0.78541666666675 |                 0.675 |
|  0.587179487179333 |       -0.173076923077 |
|              0.525 |                 0.475 |
|    0.5333333333335 |                0.3375 |
|                0.7 |                -0.025 |
|   0.59349747474725 |        0.232702020202 |
|               0.25 |                   0.6 |
|               0.75 |                   0.4 |
|   0.48238636363625 |       -0.037784090909 |
|      0.68373015873 |      -0.2801587301585 |
|    0.4575757575758 |      0.15727272727272 |
|    0.3194444444445 |                -0.175 |
|                0.4 |                     0 |
|  0.474479166666625 |                 -0.04 |
|   0.81666666666675 |     -0.00833333333325 |
|     0.538888888889 |       -0.072222222222 |
|    0.5215757575756 |      0.29193939393946 |
|  0.616666666666667 |     0.383333333333333 |
|    0.4272727272725 |       0.0102272727275 |
|     0.542857142857 |       0.4535714285715 |
|     0.484365079365 |      -0.0634126984128 |
|  0.658333333333333 |   -0.0604166666666667 |
|              0.425 |    -0.191666666666667 |
|     0.611111111111 |     0.310416666666667 |
|  0.383333333333333 |                0.6875 |
|     0.496527777778 |       0.1479166666665 |
|                  1 |                   0.5 |
|    0.7142857142858 |       0.4314285714286 |
|            0.72675 |               0.02075 |
|                0.8 |                  -0.6 |
|  0.469047619047571 |     0.523214285714286 |
|   0.49402056277075 |       0.2982954545455 |
|  0.322222222222333 |     0.333333333333333 |
|   0.52916666666675 |      0.14479166666675 |
|    0.2888888888889 |     0.107407407407333 |
|                0.3 |                   0.4 |
|  0.444229797979833 |  -0.00773989898996667 |
|    0.4755555555555 |       0.3605555555555 |
|                0.6 |                -0.525 |
|  0.541666666666667 |     0.285416666666667 |
|     0.489962121212 |        0.055808080808 |
|   0.78958333333325 |            0.20078125 |
|  0.553124999999963 |      0.23333333333325 |
|    0.5233333333332 |        0.142261904762 |
|               0.65 |                  0.05 |
|  0.292063492063333 |    0.0896825396824333 |
|  0.572222222222333 |     0.272222222222333 |
|    0.3135714285715 |       -0.024732142857 |
|     0.569444444444 |                -0.125 |
|     0.736111111111 |       0.2111111111111 |
|     0.611111111111 |     0.455555555555567 |
|  0.433434343434333 |       0.2580303030303 |
|    0.4229166666665 |               0.21875 |
|  0.728571428571333 |     0.524404761904667 |
|  0.433333333333333 |     0.255555555555667 |
|            0.53125 |               -0.1125 |
|    0.4135714285714 |       0.1785714285714 |
|   0.71651785714275 |             -0.040625 |
|    0.7272727272725 |        0.068181818182 |
|                  1 |                   0.5 |
|     0.633333333333 |       0.0333333333333 |
|     0.580303030303 |      0.16409090909074 |
|                0.5 |                     0 |
|     0.480909090909 |        0.259090909091 |
|  0.225396825396767 |    0.0833333333332333 |
|     0.477272727273 |       0.0994318181818 |
|               0.62 |                  0.14 |
|                  1 |                  0.85 |
|     0.747142857143 |        0.137142857143 |
|                0.3 |                -0.025 |
|                0.9 |                   0.4 |
|                0.3 |                     1 |
|  0.507070707070667 |        0.189898989899 |
|                0.3 |                   0.2 |
|  0.507341269841286 |    0.0224206349205714 |
|      0.52231292517 |     0.147826736755243 |
|     0.226515151515 |        0.066287878788 |
|               0.55 |                   0.5 |
|                  1 |                     1 |
|  0.675378787878833 |     0.192613636363667 |
|    0.6833333333335 |       0.5166666666665 |
|    0.2444444444445 |        0.113888888889 |
|     0.488095238095 |                  0.25 |
|  0.840740740740667 |        0.588888888889 |
|                0.5 |                   0.5 |
|                0.3 |                     1 |
|               0.75 |            0.34765625 |
|  0.471296296296333 |       -0.251851851852 |
|    0.6066666666666 |       0.2628571428572 |
|   0.63333333333334 |                  0.32 |
|                0.8 |               0.15625 |
|                0.5 |                   0.5 |
|    0.5766666666666 |       0.2166666666666 |
|    0.2666666666665 |                0.0625 |
|  0.580385487528286 |     0.217602040816286 |
|  0.440674603174556 |   -0.0246031746031778 |
|    0.3625666666666 |       0.0971583333334 |
|             0.2875 |                0.1875 |
|    0.4048333333335 |       0.0866666666665 |
|    0.4579545454545 |      -0.2430042613635 |
|   0.57430555555575 |     0.205729166666575 |
|                0.4 |                  -0.1 |
|   0.40696969696974 |      0.00617424242426 |
|              0.525 |               0.38125 |
|              0.625 |        0.005681818182 |
|                0.4 |                   0.2 |
|    0.5566666666666 |                  0.39 |
|                0.4 |                   0.4 |
|    0.5892424242422 |      0.06393939393946 |
|               0.75 |               0.55625 |
|  0.565885416666625 |            0.25546875 |
|  0.684848484848333 |     0.295454545454667 |
|    0.4166666666665 |                 0.125 |
|     0.492276936027 |   -0.0138678451178333 |
|              0.625 |                 0.375 |
|     0.566351010101 |     0.126641414141303 |
|    0.7880555555555 |     0.105902777777833 |
|     0.561822089947 |    -0.106464947089833 |
|               0.65 |                  0.75 |
|    0.4102380952382 |      0.00523809523806 |
|    0.3587878787878 |      -0.0930303030304 |
|    0.3555555555555 |      0.35833333333335 |
|  0.720634920634857 |     0.673015873015857 |
|  0.537878787878833 |        0.188446969697 |
|  0.479166666666667 |     0.229166666666667 |
|    0.4627777777778 |       0.1816666666666 |
|  0.444444444444333 |     0.244444444444433 |
|            0.69375 |                0.3375 |
|    0.2583333333335 |       0.0416666666665 |
|           0.709375 |              0.346875 |
|               0.05 |                     0 |
|    0.3701298701295 |       0.1574675324675 |
|             0.5875 |        0.296590909091 |
|   0.50424242424234 |      -0.0993939393938 |
|  0.597474747474667 |     0.242803030303167 |
|  0.494444444444333 |     0.427083333333333 |
|                0.4 |                   0.1 |
|     0.454545454545 |        0.136363636364 |
|    0.4363636363635 |      -0.1681818181818 |
|                0.3 |                     0 |
|   0.48583333333325 |              0.121875 |
|  0.453436147186164 |     0.151298701298714 |
|     0.702380952381 |     0.111904761904667 |
|  0.444444444444333 |                0.4375 |
|    0.6358585858585 |       0.2840909090909 |
|              0.525 |    0.0833333333333333 |
|     0.916666666667 |      -0.0333333333333 |
|  0.594444444444333 |     0.355555555555667 |
|  0.683333333333333 |     0.483333333333333 |
|                  1 |                   0.8 |
|   0.69176136363625 |       0.2280303030305 |
|             0.6625 |              0.196875 |
|   0.53333333333335 |                  0.25 |
|                0.7 |                  -0.6 |
|    0.5911111111112 |      0.27777777777778 |
|  0.688888888888667 |    -0.106944444444333 |
|              0.575 |                -0.325 |
|              0.375 |                -0.125 |
|            0.53125 |                  0.45 |
|    0.4346767676768 |    -0.022645382395357 |
|   0.49476190476194 |      -0.0275297619048 |
|     0.296212121212 |      0.40042613636375 |
|   0.21726190476185 |       0.1214285714285 |
|    0.6266666666668 |       0.4183333333334 |
|            0.31875 |     0.039583333333425 |
|              0.675 |                0.5375 |
|               0.15 |                  0.15 |
|    0.3260416666665 |              0.146875 |
|  0.572363945578286 |       0.1146258503401 |
|  0.629277389277385 |     0.425501165501154 |
|              0.875 |               0.53125 |
|                0.4 |                   0.1 |
|   0.44780303030314 |      -0.0334090909092 |
|  0.317676767676617 |    0.0847853535353833 |
|                  1 |                     1 |
|    0.3166666666665 |       0.0166666666665 |
|             0.5875 |                0.3875 |
|     0.166666666667 |       -0.166666666667 |
|  0.442857142857143 |     0.364285714285714 |
|   0.66363636363625 |        0.059090909091 |
|     0.429656084656 |       0.0237169312168 |
|              0.675 |        0.358333333333 |
|  0.383333333333333 |     0.311111111111167 |
|     0.371202020202 |     -0.01789898989892 |
|               0.25 |                     0 |
|     0.415079365079 |        0.338095238095 |
|  0.434090909090833 |     0.179671717171833 |
|  0.427777777777833 |               0.19375 |
|     0.333333333333 |                  0.25 |
|  0.627777777777811 |     0.170138888888889 |
|               0.45 |     0.183333333333333 |
|     0.629338280767 |     0.266355905998857 |
|    0.4708333333335 |      0.30260416666675 |
|     0.607142857143 |     0.397619047619133 |
|  0.474747474747333 |   -0.0131313131313333 |
|    0.4016666666666 |      -0.0341666666666 |
|    0.3638888888889 |     0.108333333333333 |
|  0.633333333333333 |     0.216666666666667 |
|                0.6 |        0.133333333333 |
|  0.547222222222333 |                   0.4 |
|                  1 |                     1 |
|    0.5632424242424 |       0.3862727272728 |
|  0.566666666666667 |     0.127777777777667 |
|     0.166666666667 |                     0 |
|    0.4655555555554 |       0.3679797979798 |
|    0.6561111111112 |      0.15166666666666 |
|  0.477777777777667 |     0.392592592592667 |
|   0.38556060606066 |      0.22998484848506 |
|                0.1 |                     0 |
|  0.508333333333333 |     0.233333333333333 |
|    0.7604545454546 |       0.4795454545454 |
|    0.4069444444445 |       0.0263888888889 |
|                0.4 |                0.1375 |
|  0.480555555555567 |     0.219696969696967 |
|   0.47708333333325 |                 0.325 |
|             0.6125 |                0.4375 |
|               0.75 |                   0.8 |
|                0.5 |                   0.5 |
|               0.55 |                 0.125 |
|               0.95 |                     0 |
|  0.471428571428671 |     0.184523809523857 |
|  0.410479797979717 |    0.0646915584416667 |
|              0.425 |    0.0777777777776667 |
|  0.393149350649286 |     0.110909090909143 |
|  0.415624999999875 |    0.0783854166666625 |
|               0.55 |                 -0.25 |
|    0.5714285714285 |      0.10337301587295 |
|     0.501818181818 |       0.2545454545456 |
|    0.4636363636365 |        0.121590909091 |
|  0.333333333333333 |       0.0888888888889 |
|  0.518055555555333 |   -0.0369949494948333 |
|              0.835 |                0.1375 |
|  0.483680555555625 |                0.2625 |
|             0.4675 |              0.056875 |
|             0.6625 |     0.441666666666675 |
|    0.5941666666667 |       0.2085984848484 |
|    0.4958333333334 |      0.30833333333334 |
|             0.1875 |                -0.125 |
|     0.502777777778 |        0.347222222222 |
|   0.70833333333325 |     0.354166666666675 |
|                0.3 |                     0 |
|     0.454545454545 |        0.136363636364 |
|     0.584761904762 |     -0.11285714285714 |
|     0.437037037037 |               0.04375 |
|             0.3875 |               -0.1125 |
|     0.416666666667 |      0.22083333333335 |
|                0.9 |                   0.7 |
|   0.32083333333325 |               -0.0375 |
|                  1 |                  -0.5 |
|              0.325 |                 0.525 |
|   0.49880952380945 |    0.0858465608465333 |
|    0.5885416666665 |     0.181249999999925 |
|    0.5757575757575 |     0.197853535353667 |
|                  1 |                   0.5 |
|   0.71666666666675 |             -0.115625 |
|     0.888888888889 |                 -0.25 |
|                0.5 |                  -0.2 |
|                0.6 |                  -0.2 |
|             0.7875 |               0.53125 |
|              0.385 |     -0.17666666666666 |
|  0.744047619047571 |        0.252380952381 |
|     0.655303030303 |      0.50094696969697 |
|   0.56277777777775 |                 -0.16 |
|    0.6310714285715 |     -0.04839285714275 |
|  0.508333333333429 |    0.0886904761904857 |
|    0.5666666666665 |                  0.35 |
|   0.31955128205125 |       0.2464743589745 |
|    0.8333333333335 |                  -0.1 |
|              0.525 |       -0.241666666667 |
|     0.418611111111 |      0.15583333333325 |
|    0.7566666666666 |       0.3366666666666 |
|                  1 |                     0 |
|    0.4342424242422 |       0.1272727272728 |
|              0.425 |                 0.125 |
|     0.586111111111 |       -0.388888888889 |
|             0.5875 |     0.199924242424325 |
|     0.565367965368 |     0.230546536796625 |
|                0.7 |                  -0.6 |
|   0.50497234247225 |     0.142556517556525 |
|                  1 |                     1 |
|  0.606547619047571 |     0.182440476190471 |
|  0.491919191919143 |    0.0669011544011429 |
|    0.4317027417026 |         0.14512987013 |
|  0.545833333333333 |     0.379166666666667 |
|   0.46718073593075 |       0.1951095779222 |
|  0.434304353054225 |     -0.03704718314085 |
|   0.52212121212114 |       0.2903030303032 |
|     0.512987012987 |       0.2467532467535 |
|  0.596428571428571 |     0.303571428571429 |
|    0.4575757575756 |       0.3189393939394 |
|    0.6588888888888 |       0.3464935064936 |
|    0.6814814814815 |               -0.0625 |
|     0.461111111111 |     0.233333333333333 |
|  0.766666666666667 |                  0.45 |
|    0.5041666666665 |                   0.3 |
|    0.3333333333335 |      0.04166666666665 |
|    0.4904545454545 |       0.3598863636364 |
|     0.633333333333 |        0.333333333333 |
|    0.5083333333335 |       0.0166666666665 |
|    0.4695075757575 |       0.2554924242425 |
|  0.344444444444333 |     0.347222222222223 |
|              0.475 |              0.546875 |
|    0.5613095238095 |    -0.151488095238167 |
|  0.640740740740667 |       -0.211111111111 |
|    0.3416666666665 |               -0.0125 |
|             0.4375 |                 0.225 |
|  0.618181818181667 |     0.412121212121333 |
|  0.369949494949333 |       -0.040404040404 |
|   0.70473484848475 |     0.307287967566375 |
|     0.333333333333 |                  0.25 |
|              0.375 |                  0.25 |
|    0.4985185185184 |       0.0825925925926 |
|     0.833333333333 |        0.333333333333 |
|               0.55 |                  0.15 |
|                0.2 |                  -0.1 |
|  0.445833333333333 |    0.0898148148148333 |
|                0.5 |     0.216666666666667 |
|                  1 |                     0 |
|   0.52777777777775 |   0.00277777777775002 |
|            0.56875 |       0.1705357142859 |
|    0.3166666666665 |      -0.0333333333335 |
|    0.5964015151515 |     0.260890151515212 |
|    0.4666666666665 |       0.0979166666665 |
|                0.2 |                   0.1 |
|  0.617171717171333 |        0.131818181818 |
|                0.8 |                  -0.2 |
|                0.8 |                 0.075 |
|  0.722222222222333 |     0.508333333333333 |
|     0.658658008658 |    0.0356331168831429 |
|  0.545598845598667 |       -0.012987012987 |
|  0.560416666666667 |   -0.0208333333333333 |
|  0.572781385281333 |     0.347528860028833 |
|  0.516666666666667 |    -0.116666666666667 |
|  0.518181818181667 |     0.415151515151667 |
|    0.6064814814815 |    0.0222222222221667 |
|    0.5733333333335 |       0.1245833333335 |
|                0.6 |                   0.7 |
|     0.597222222222 |                   0.5 |
|  0.683333333333333 |     0.658333333333333 |
|   0.65833333333325 |     -0.25833333333325 |
|     0.761111111111 |     0.391666666666567 |
|    0.5516666666666 |       0.0333333333334 |
|    0.5594696969695 |        0.284090909091 |
|             0.5875 |     0.045833333333325 |
|               0.45 |     0.233333333333333 |
|     0.568333333333 |        0.121666666667 |
|     0.557986111111 |              0.084375 |
|  0.599281934996143 |       0.3228647014361 |
|   0.61666666666675 |                0.2125 |
|     0.611111111111 |    0.0833333333333333 |
|    0.5833333333335 |              -0.09375 |
|  0.377777777777667 |       0.0388888888889 |
|     0.437925170068 |     0.315646258503429 |
|    0.5007954545455 |     0.122144886363633 |
|              0.525 |      0.55520833333325 |
|  0.633333333333333 |     0.283333333333333 |
|  0.333333333333333 |                  0.35 |
|  0.716666666666667 |                   0.4 |
|  0.530092592592667 |   0.00243055555549999 |
|  0.465211640211667 |     0.126388888888888 |
|   0.47083333333325 |                0.3125 |
|                0.4 |                  0.75 |
|                0.4 |                  -0.2 |
|    0.5682575757575 |     0.175505050505167 |
|                0.7 |                  0.55 |
|   0.35113636363625 |      0.13825757575775 |
|               0.55 |        0.183333333333 |
|  0.933333333333333 |                  0.05 |
|                  1 |                     1 |
|  0.597222222222167 |     0.370833333333333 |
|    0.4522503052502 |      0.06241147741162 |
|    0.3914285714286 |                  0.06 |
|                0.1 |                   0.2 |
|               0.55 |                   0.6 |
|                0.4 |                     0 |
|    0.4772727272725 |       -0.056818181818 |
|  0.645616883116667 |     0.308685064934967 |
|     0.608244949495 |     0.175288299663242 |
|     0.307222222222 |      0.02611111111111 |
|     0.780303030303 |      0.15492424242425 |
|              0.825 |               0.49375 |
|    0.4009090909088 |       0.2072727272728 |
|     0.611111111111 |    0.0555555555556667 |
|     0.333333333333 |                  0.25 |
|  0.751487093153778 |    -0.432547699214356 |
|     0.888888888889 |    -0.233333333333333 |
|              0.575 |        0.389393939394 |
|    0.7916666666665 |     0.258333333333425 |
|    0.4386363636365 |       0.1757575757575 |
|   0.52152777777775 |     -0.10694444444445 |
|              0.575 |                0.1625 |
|     0.411111111111 |                   0.3 |
|  0.375595238095243 |   -0.0464285714285714 |
|                0.5 |                   0.1 |
|     0.665384615385 |        0.198557692308 |
|                0.5 |                   0.7 |
|                0.6 |                  0.25 |
|  0.553314393939333 |     0.349431818181817 |
|  0.604761904761857 |     0.207142857142857 |
|             0.6875 |       0.5916666666665 |
|  0.528213957759336 |     0.177940771349909 |
|    0.4032196969695 |        0.159090909091 |
|     0.333333333333 |                  0.25 |
|               0.45 |                   0.3 |
|                0.5 |                 0.475 |
|                0.4 |                   0.5 |
|  0.503174603174667 |      -0.0702380952381 |
|     0.251515151515 |   -0.0545454545453333 |
|     0.580303030303 |      -0.0492424242426 |
|   0.49529914529925 |      0.01944444444445 |
|     0.405303030303 |        0.159090909091 |
|  0.805341880341923 |     0.264957264957292 |
|            0.59375 |               0.45625 |
|     0.461111111111 |     0.127777777777667 |
|               0.25 |                     0 |
|  0.461868686868667 |     0.367144097222133 |
|    0.5583333333335 |                 0.325 |
|            0.76875 |            -0.0546875 |
|   0.36696428571425 |                0.1875 |
|    0.5104910714285 |      0.28184523809525 |
|     0.597619047619 |              -0.01375 |
|  0.556944444444333 |   -0.0208333333333333 |
|                0.9 |                  -0.5 |
|  0.392706830206833 |       0.3317009379508 |
|     0.271616809117 |     0.131481481481333 |
|     0.560606060606 |       0.2348484848486 |
|                0.4 |                   0.4 |
|                0.8 |                   0.4 |
|     0.333333333333 |                  0.25 |
|                0.6 |                  -0.2 |
|  0.622222222222333 |       -0.161111111111 |
|    0.2999999999999 |                  0.25 |
|  0.707070707070667 |     0.226010101010333 |
|  0.518181818181667 |  -0.00454545454533334 |
|  0.455555555555667 |   -0.0597222222222333 |
|  0.464042809042741 | -0.000331305782685192 |
|   0.61458333333325 |     -0.16041666666675 |
|    0.5805555555555 |     0.167708333333333 |
|               0.45 |               0.33125 |
|    0.3833333333335 |      -0.1166666666665 |
|    0.6886363636365 |        0.284090909091 |
|    0.1983333333334 |                  0.07 |
|   0.40319444444441 |              -0.11375 |
|   0.29583333333335 |        0.121590909091 |
|                0.7 |                   0.3 |
|  0.550411298357786 |    0.0854738713667286 |
|    0.5912265512265 |      0.28332431457434 |
|     0.166666666667 |                     0 |
|     0.238888888889 |     0.177777777777667 |
|                0.6 |                     0 |
|                0.3 |                   0.5 |
|     0.767857142857 |       -0.107142857143 |
|              0.375 |                 -0.25 |
|              0.575 |                -0.325 |
|    0.2833333333335 |                0.0375 |
|               0.54 |     0.193333333333333 |
|  0.755555555555667 |     0.516666666666667 |
|    0.5288888888888 |      -0.1283333333334 |
|                0.6 |                   0.1 |
|               0.75 |                  0.45 |
|                0.6 |                   0.5 |
|  0.580808080807909 |     0.105934343434282 |
|  0.520887445887286 |     0.215760281385329 |
|                0.7 |                0.6875 |
|     0.761111111111 |       -0.038888888889 |
|     0.722222222222 |        0.211111111111 |
|  0.608080808080667 |       0.2924242424243 |
|                0.3 |                  -0.2 |
|            0.31875 |        0.015340909091 |
|    0.0666666666667 |                     0 |
|  0.567658730158667 |     0.265178571428567 |
|  0.458690476190333 |     0.129484126984333 |
|  0.833333333333333 |                   0.5 |
|  0.723989898989667 |       0.0849747474749 |
|    0.3444444444445 |       -0.027777777778 |
|     0.572156084656 |      0.08645006613755 |
|  0.316666666666667 |   -0.0166666666666667 |
|   0.36785714285725 |     0.176339285714275 |
|   0.60833333333325 |      0.19166666666675 |
|  0.570887445887429 |     0.240611471861429 |
|     0.472619047619 |      -0.0541666666665 |
|               0.71 |                0.5875 |
|             0.3125 |                     0 |
|    0.3025974025974 |      0.24506493506496 |
|  0.481481481481333 |     0.233333333333333 |
|    0.6562815656565 |      0.24261363636375 |
|                0.3 |              -0.14375 |
|  0.452777777777667 |        0.136111111111 |
|  0.566666666666667 |        0.503787878788 |
|               0.55 |                 -0.25 |
|  0.664583333333375 |             0.1484375 |
|  0.726388888888833 |     0.304166666666667 |
|     0.609523809524 |     -0.13571428571415 |
|               0.54 |                  0.16 |
|                0.6 |                 0.175 |
|     0.166666666667 |                 0.125 |
|                0.3 |                   0.2 |
|  0.220370370370567 |   0.00555555555556667 |
|  0.719047619047667 |        0.288888888889 |
|                0.5 |        0.136363636364 |
|                0.4 |                 -0.15 |
|  0.710714285714333 |  -0.00267857142866664 |
|               0.18 |                     0 |
|  0.604166666666675 |                0.6125 |
|                0.3 |                  0.25 |
|  0.433333333333333 |                 0.125 |
|               0.55 |                 0.485 |
|  0.683333333333333 |     0.166666666666667 |
|               0.48 |                 0.515 |
|                0.3 |                   0.1 |
|     0.535714285714 |        0.285714285714 |
|  0.219444444444333 |        0.061111111111 |
|                  1 |                 -0.75 |
|  0.581666666666667 |     0.338020833333333 |
|    0.6966666666666 |                 -0.37 |
|  0.650694444444333 |               0.25625 |
|    0.3813636363634 |       0.1939607007578 |
|            0.78125 |               0.00625 |
|  0.603809523809572 |    -0.161666666666714 |
|   0.46599230769231 |      0.12959393939397 |
|               0.75 |                     1 |
|              0.225 |       0.0166666666667 |
|                0.9 |                  -0.2 |
|                0.3 |                   0.1 |
|   0.46527777777775 |      0.35868055555555 |
|              0.475 |               0.31875 |
|    0.2354166666665 |       0.3270833333335 |
|  0.640079365079333 |        0.113492063492 |
|     0.666666666667 |                  -0.7 |
|     0.583333333333 |        0.416666666667 |
|    0.5772727272725 |        0.393181818182 |
|  0.512369911233455 |     0.275516528925636 |
|   0.55833333333325 |              0.321875 |
|               0.45 |     0.127083333333333 |
|     0.455303030303 |        0.159090909091 |
|  0.714730983302286 |     0.295194805194857 |
|              0.525 |    0.0642857142857143 |
|   0.43238636363625 |      0.25492424242425 |
|             0.4375 |                0.0875 |
|               0.75 |                  0.05 |
|  0.481481481481333 |     0.275694444444333 |
|     0.467824074074 |     0.204166666666667 |
|    0.3069444444445 |               -0.0975 |
|    0.3333333333335 |               0.05625 |
|    0.7272727272725 |       -0.181818181818 |
|    0.6221212121212 |       0.2575757575758 |
|   0.33777777777788 |      -0.1244444444444 |
|    0.5498611111112 |       0.0763888888888 |
|  0.473536384250571 |   0.00168393114811428 |
|   0.22333333333335 |      0.09333333333335 |
|    0.4227777777778 |       0.0438888888888 |
|    0.3022727272725 |       0.0539772727275 |
|  0.541666666666675 |              0.053125 |
|    0.3883333333334 |       0.3914393939394 |
|    0.4584444444444 |      0.15155555555556 |
|    0.4916666666665 |                 -0.25 |
|  0.491666666666667 |                  -0.4 |
|                0.4 |                  -0.2 |
|   0.71458333333325 |     -0.31666666666675 |
|     0.583333333333 |        0.416666666667 |
|  0.574753086419744 |     0.234969135802461 |
|  0.633333333333333 |    0.0666666666666667 |
|    0.4461805555555 |      0.21215277777775 |
|    0.4916666666665 |                     0 |
|     0.364478114478 |    0.0602693602693333 |
|     0.377380952381 |     0.235714285714286 |
|     0.454545454545 |        0.136363636364 |
|                  1 |                -0.375 |
|  0.396296296296333 |        0.448148148148 |
|     0.531313131313 |      0.15217803030305 |
|    0.3575757575755 |       0.1022727272729 |
|            0.59375 |      -0.0880681818182 |
|  0.566666666666667 |     0.347222222222167 |
|  0.716326530612286 |     0.457568027210857 |
|     0.601515151515 |     0.212121212121333 |
|     0.441975308642 |     0.221064814814778 |
|    0.8133333333334 |       0.3366666666666 |
|  0.559113455988357 |  -0.00730068542557858 |
|  0.840476190476333 |    0.0857142857143333 |
|                0.5 |     0.233333333333333 |
|                0.8 |                  0.35 |
|   0.58181818181825 |     0.071212121212125 |
|     0.448148148148 |       -0.125925925926 |
|               0.55 |     0.233333333333333 |
|     0.474696969697 |      0.15022727272736 |
|   0.70535714285725 |      0.26428571428575 |
|    0.9166666666665 |       0.0694444444445 |
|    0.6333333333335 |                 0.475 |
|    0.5464814814815 |    0.0154629629629667 |
|  0.487499999999963 |             0.3703125 |
|                  1 |                  0.85 |
|    0.6666666666665 |       0.2666666666665 |
|               0.55 |       0.0227272727275 |
|     0.602777777778 |       -0.113888888889 |
|                  1 |                     0 |
|   0.30681818181825 |      0.02954545454545 |
|  0.382407407407667 |    0.0834490740743333 |
|    0.5926767676766 |        0.305303030303 |
|               0.45 |      -0.1147727272725 |
|              0.325 |                  0.35 |
|    0.5166666666665 |                  0.45 |
|     0.413888888889 |     0.123958333333333 |
|    0.8386363636365 |       -0.178409090909 |
|                0.3 |                  -0.3 |
|                0.6 |                   0.8 |
|    0.6478174603174 |      0.34265873015876 |
|               0.45 |                  0.25 |
|    0.6133333333334 |                 0.275 |
|              0.325 |                   0.2 |
|  0.740476190476143 |     0.319940476190429 |
|               0.65 |                 0.225 |
|    0.5533333333334 |      0.40666666666666 |
|  0.489285714285667 |     0.414285714285667 |
|  0.458333333333333 |    0.0666666666666667 |
|   0.75833333333325 |                   0.6 |
|     0.438888888889 |       0.1138888888889 |
|    0.4146666666666 |                0.3345 |
|               0.05 |                 -0.05 |
|     0.727272727273 |        0.368181818182 |
|               0.76 |       0.4983333333334 |
|              0.625 |             0.0703125 |
|             0.4125 |                 0.275 |
|               0.65 |    0.0979166666666667 |
|  0.466666666666667 |    -0.116666666666667 |
|  0.518181818181667 |        0.278787878788 |
|  0.679487179487333 |     0.341666666666667 |
|    0.6022727272725 |        0.468181818182 |
|                0.7 |   -0.0333333333333333 |
|   0.26060606060585 |        0.068181818182 |
|   0.52037337662325 |     0.061742424242525 |
|    0.4666666666665 |     0.095833333333335 |
|   0.30416666666675 |    -0.008333333333325 |
|    0.5060185185185 |    0.0768518518516667 |
|  0.435138888888833 |    0.0836111111111667 |
|  0.833333333333333 |                   0.5 |
|               0.75 |                     0 |
|  0.484166666666675 |                0.1575 |
|  0.520824915824778 |     0.162887205387333 |
|                0.8 |                   0.4 |
|    0.6029545454545 |      0.33000000000008 |
|     0.433333333333 |        0.666666666667 |
|             0.6875 |                  0.25 |
|               0.75 |       -0.181818181818 |
|                0.6 |                     0 |
|                  1 |                  -0.5 |
|               0.95 |                   0.4 |
|    0.5347442680777 |    0.0292768959434889 |
|  0.833333333333333 |                  0.66 |
|              0.825 |                -0.075 |
|  0.483095238095143 |     0.123571428571429 |
|              0.425 |                  -0.2 |
|  0.383333333333333 |               0.36875 |
|    0.6333333333335 |                  0.05 |
|  0.506277056277143 |     0.266287878787857 |
|  0.534848484848333 |       -0.021212121212 |
|  0.708994708994667 |     0.315343915343967 |
|    0.5666666666665 |                 0.425 |
|  0.669696969696857 |       0.0028138528139 |
|              0.875 |               0.43125 |
|              0.785 |                 -0.11 |
|  0.633333333333333 |     0.308333333333333 |
|                0.1 |                  -0.1 |
|               0.35 |     0.233333333333333 |
|    0.7272727272725 |       -0.056818181818 |
|  0.445370370370333 |     0.108333333333333 |
|   0.27291666666675 |      0.11458333333325 |
|    0.3302777777778 |       0.1222222222222 |
|    0.6716666666668 |                 0.245 |
|     0.420202020202 |    0.0296717171716667 |
|     0.742037037037 |        0.199132996633 |
|    0.6598935786435 |       0.3340097402595 |
|                  1 |                     0 |
|     0.922222222222 |               -0.0625 |
|                0.5 |                     0 |
|     0.454545454545 |        0.136363636364 |
|    0.2261363636365 |       0.0840909090909 |
|     0.759696969697 |       0.3659090909092 |
|  0.435416666666675 |     0.154166666666575 |
|                0.8 |                  -0.8 |
|    0.6366666666666 |                  0.46 |
|  0.588888888888883 |     0.272222222222217 |
|  0.442129629629733 |     0.168055555555567 |
|     0.302777777778 |       0.0666666666665 |
|     0.366666666667 |        0.416666666667 |
|  0.384704184704143 |    0.0936417748918571 |
|     0.142857142857 |      -0.0714285714286 |
|                0.9 |                  -0.5 |
|    0.3772727272725 |        0.568181818182 |
|                  1 |                     1 |
|  0.620833333333333 |     0.192013888888833 |
|    0.4376363636362 |       0.1684242424244 |
|                0.5 |                   0.5 |
|  0.411553030302925 |        0.209090909091 |
|  0.468434343434333 |     0.111363636363667 |
|  0.434345238095143 |       0.1961111111111 |
|                  1 |                  -0.8 |
|                0.2 |                 -0.05 |
|                0.5 |                 0.435 |
|   0.23333333333335 |      0.06666666666665 |
|     0.375595238095 |       0.3089285714285 |
|     0.480555555556 |        0.202777777778 |
|                0.3 |                     1 |
|  0.429201101928364 |     0.162649219467427 |
|               0.55 |              0.015625 |
|     0.269444444444 |       0.0472222222222 |
|    0.8333333333335 |                 0.175 |
|  0.507777777777667 |        0.371111111111 |
|     0.533333333333 |                   0.2 |
|               0.75 |                  0.25 |
|    0.4066666666666 |      -0.0252083333334 |
|              0.425 |                 0.225 |
|                0.8 |       0.3591666666666 |
|     0.362626262626 |    0.0232323232323333 |
|                0.4 |                   0.3 |
|  0.633333333333333 |                     0 |
|                0.5 |               -0.1875 |
|                0.4 |                   0.1 |
|  0.408333333333333 |     0.141666666666667 |
|            0.46875 |            -0.2609375 |
|               0.75 |                   0.3 |
|    0.6958333333335 |  -0.00937499999999999 |
|    0.5016666666668 |      0.04333333333326 |
|                  1 |                  -0.1 |
|  0.411979166666587 |     0.185937500000037 |
|  0.460173160173143 |       0.0432900432901 |
|  0.391666666666629 |    0.0654761904762286 |
|              0.625 |                 0.425 |
|  0.433333333333425 |               0.46875 |
|                0.3 |        0.118181818182 |
|                0.4 |                  -0.4 |
|               0.54 |                 0.155 |
|      0.26194760101 |    0.0387405303029875 |
|                0.2 |                 -0.25 |
|                0.3 |                   0.5 |
|  0.480952380952429 |      -0.0718253968254 |
|    0.6258333333334 |      -0.0941666666667 |
|  0.552160493827111 |     0.508333333333333 |
|    0.6583333333335 |                0.2375 |
|    0.4113425925925 |     0.259259259259333 |
|  0.314285714285714 |    0.0845238095238143 |
|  0.536044973544833 |     0.199537037037167 |
|                0.5 |       -0.044318181818 |
|  0.384848484848333 |    0.0121212121213333 |
|                0.4 |                   0.1 |
|   0.49236111111105 |    0.0659722222222167 |
|               0.64 |                0.2425 |
|              0.325 |                  -0.1 |
|  0.346296296296333 |    0.0810185185186667 |
|              0.825 |                  -0.3 |
|    0.4166666666665 |                 0.175 |
|  0.447222222222333 |        0.236111111111 |
|     0.371212121212 |     0.108585858585867 |
|    0.4841666666666 |                0.2375 |
|                0.1 |                 -0.05 |
|     0.454761904762 |     0.392857142857133 |
|               0.65 |                  0.35 |
|    0.5866666666666 |                 0.285 |
|     0.533333333333 |             0.2828125 |
|              0.425 |                 0.225 |
|  0.417592592592667 |       0.0497685185184 |
|               0.75 |                   0.6 |
|    0.4272727272725 |        0.118181818182 |
|                0.5 |                   0.4 |
|               0.45 |       0.1641666666668 |
|  0.484722222222167 |    -0.108333333333333 |
|    0.6666666666665 |               0.40625 |
|              0.775 |                -0.075 |
|                  1 |                   0.6 |
|     0.344444444444 |       0.0263888888889 |
|  0.579635179635154 |     0.373855311355346 |
|    0.5988095238095 |       0.0154761904762 |
|   0.69722222222225 |        0.186111111111 |
|    0.3444444444445 |        0.322222222222 |
|              0.625 |                   0.5 |
|              0.415 |                 0.215 |
|  0.424761904761857 |    0.0419047619047143 |
|            0.30375 |                 0.065 |
|    0.5613131313132 |      -0.1072727272727 |
|   0.86363636363625 |        0.409090909091 |
|     0.666666666667 |                  0.25 |
|     0.166666666667 |                 0.125 |
|  0.233333333333333 |     0.208333333333333 |
|    0.6339743589742 |        0.003846153846 |
|     0.393939393939 |        0.193181818182 |
|  0.280555555555667 |                   0.1 |
|              0.575 |                0.3125 |
|   0.70205026455025 |      0.31130952380945 |
|                0.9 |                  0.85 |
|  0.677430555555625 |                 0.375 |
|   0.66979166666675 |     0.036458333333375 |
|   0.33806818181825 |       0.1962121212122 |
|     0.423333333333 |       0.0666666666667 |
|   0.76144444444445 |       0.5194097222222 |
|              0.425 |              0.015625 |
|    0.2166666666665 |                     0 |
|                  1 |                 0.425 |
|               0.65 |      0.09166666666665 |
|  0.466666666666667 |                  0.35 |
|              0.525 |       0.1053267045455 |
|     0.166666666667 |                 0.125 |
|                0.1 |                     0 |
|                0.4 |                -0.125 |
|    0.9041666666665 |                -0.575 |
|  0.591666666666667 |    0.0458333333333333 |
|  0.566666666666667 |   -0.0451388888888883 |
|  0.469047619047667 |     0.203571428571444 |
|     0.429882154882 |   -0.0655723905724667 |
|  0.293827160493778 |     0.195185185185222 |
|               0.55 |                  -0.1 |
|    0.5805555555555 |     0.209027777777833 |
|  0.318181818181667 |  -0.00984848484833334 |
|     0.722619047619 |       0.2330357142857 |
|    0.2166666666665 |                0.0375 |
|              0.425 |                  0.25 |
|                0.4 |        0.441666666667 |
|  0.542857142857143 |     0.160714285714286 |
|  0.439078282828167 |   -0.0679292929293333 |
|            0.55625 |              -0.08125 |
|               0.85 |             -0.146875 |
|     0.333333333333 |                  0.25 |
|  0.592857142857143 |     0.368571428571429 |
|                0.6 |                  0.35 |
|     0.333333333333 |                  0.25 |
|    0.4772727272725 |        0.121306818182 |
|  0.966666666666667 |    -0.416666666666667 |
|                0.3 |                  -0.1 |
|                0.6 |       0.0533333333334 |
|  0.567460317460333 |   0.00634920634899999 |
|                0.4 |                0.3375 |
|   0.55364583333325 |    -0.100520833333375 |
|    0.6836666666666 |      -0.0478333333334 |
|            0.35625 |                 0.325 |
|  0.420833333333175 |  -0.00937499999999999 |
|   0.92916666666675 |      0.22916666666675 |
|               0.64 |       0.1024242424242 |
|              0.525 |                  0.05 |
|                0.4 |               -0.0075 |
|     0.635064102564 |      0.04666666666674 |
|                0.1 |                 -0.35 |
|     0.453492063492 |     0.173412698412743 |
|  0.377777777777667 |                  0.15 |
|    0.4406565656565 |     0.164141414141417 |
|          0.4890625 |                0.0375 |
|  0.354695767195778 |     0.170132275132244 |
|  0.643650793650778 |    0.0960317460317778 |
|    0.3770418470418 |      0.17300144300136 |
|                0.5 |        0.333333333333 |
|              0.675 |             -0.046875 |
|  0.620833333333167 |     0.461458333333333 |
|     0.727272727273 |       0.0852272727273 |
|                0.5 |        0.333333333333 |
|    0.4252976190475 |      0.36071428571425 |
|                0.3 |                 -0.15 |
|    0.7272727272725 |        0.443181818182 |
|                0.3 |                   0.2 |
|   0.58354377104375 |        0.168465909091 |
|   0.62641369047625 |    -0.111755952380875 |
|                0.8 |                 0.025 |
|  0.244444444444333 |     0.116666666666667 |
|    0.5512698412698 |       -0.117619047619 |
|   0.49097222222225 |     -0.02534722222225 |
|               0.65 |                -0.375 |
|  0.353571428571429 |    0.0309523809524286 |
|                0.5 |                   0.3 |
|             0.7375 |               0.24375 |
|     0.666666666667 |        0.133333333333 |
|  0.602380952380857 |     0.378571428571429 |
|  0.568356180856155 |     0.176890933140973 |
|               0.75 |                   0.4 |
|               0.75 |                  0.25 |
|           0.359375 |    -0.092261904761975 |
|    0.4772727272725 |      -0.0151515151515 |
|    0.7761363636365 |        0.196590909091 |
|                0.5 |                   0.3 |
|    0.7440476190475 |        0.433630952381 |
|  0.596957671957667 |     0.442328042327883 |
|     0.566666666667 |                   0.2 |
|             0.6875 |                0.6375 |
|   0.35476190476185 |        0.107142857143 |
|                0.4 |                   0.4 |
|     0.666666666667 |        0.366666666667 |
|  0.720634920634857 |        0.081746031746 |
|     0.333333333333 |                  0.25 |
|    0.4621254208755 |     0.189473905724055 |
|   0.23958333333325 |      0.16458333333325 |
|     0.533333333333 |                 -0.35 |
|  0.471772486772556 |     0.249325396825444 |
|  0.595767195767111 |     0.238074570105856 |
|  0.580555555555667 |     0.209722222222233 |
|  0.506060606060667 |     0.155303030303033 |
|     0.461111111111 |     0.112689393939333 |
|  0.634523809523667 |    0.0928571428570467 |
|     0.486111111111 |        0.326736111111 |
|    0.5734444444444 |       0.2762222222223 |
|               0.75 |      -0.1333333333335 |
|  0.675308641975333 |     0.212037037037033 |
|     0.433333333333 |       -0.166666666667 |
|     0.888888888889 |                 -0.25 |
|   0.45833333333325 |        0.580712890625 |
|  0.475450937950833 |     0.116752344877367 |
|   0.51071428571425 |      0.25714285714285 |
|                  1 |                0.6125 |
|                0.4 |              -0.04375 |
|                0.6 |                  0.35 |
|    0.3922222222222 |      0.01555555555557 |
|  0.783333333333333 |     0.483333333333333 |
|  0.504971590909125 |     0.049668560606125 |
|  0.492424242424333 |     0.222727272727333 |
|  0.566666666666667 |    -0.116666666666667 |
|              0.415 |              0.070625 |
|                0.4 |     0.166666666666667 |
|  0.435740740740667 |       0.0658796296296 |
|    0.5339285714285 |       0.0964285714285 |
|  0.783333333333333 |                  -0.3 |
|     0.454545454545 |        0.136363636364 |
|  0.555555555555567 |                 -0.15 |
|                0.6 |                   0.7 |
|  0.755555555555667 |    -0.204629629629667 |
|     0.488888888889 |                  -0.1 |
|     0.454545454545 |        0.136363636364 |
|     0.425925925926 |        0.175925925926 |
|    0.7450396825395 |      -0.3285714285715 |
|  0.766666666666667 |    -0.433333333333333 |
|  0.393506493506429 |     0.190909090909143 |
|                0.5 |    0.0666666666666667 |
|                  1 |                  0.85 |
|  0.589583333333333 |     0.148958333333333 |
|   0.33980952380954 |      0.12471428571428 |
|               0.45 |                 0.175 |
|    0.4272727272725 |        0.068181818182 |
|  0.541125541125571 |     0.409956709956686 |
|  0.541589506172889 |    0.0340277777777778 |
|   0.62539682539675 |               0.04375 |
|    0.5631944444445 |     0.104166666666667 |
|  0.557051282051231 |        0.256623931624 |
|              0.575 |                 0.125 |
|               0.55 |                     0 |
|  0.473611111111167 |                -0.075 |
|             0.8375 |                   0.4 |
|    0.4532575757575 |      0.23689393939395 |
|  0.527268102268286 |     0.102332852332957 |
|     0.610101010101 |      0.20771780303025 |
|     0.694444444444 |               0.15625 |
|    0.3530735930738 |     -0.14112554112556 |
|     0.483333333333 |        0.216666666667 |
|                0.4 |                  0.25 |
|   0.33333333333335 |                 -0.15 |
|                0.8 |                  -0.1 |
|  0.268518518518667 |        0.013888888889 |
|  0.487373737373625 |     0.104198232323313 |
|     0.346031746032 |        0.251587301587 |
|  0.596296296296333 |     0.392592592592667 |
|   0.65416666666675 |                  0.05 |
|     0.822222222222 |               -0.4125 |
|  0.731818181818182 |     0.536363636363636 |
|     0.647619047619 |     0.169047619047571 |
|     0.861111111111 |     0.222222222222333 |
|            0.73125 |              0.346875 |
|                  1 |                     0 |
|                0.6 |                  -0.4 |
|     0.544246031746 |     0.201082251082257 |
|     0.423896173271 |      -0.0079521173271 |
|  0.555681818181786 |     0.176461038961071 |
|     0.612962962963 |     0.321296296296333 |
|              0.475 |               0.09375 |
|              0.725 |                 0.625 |
|  0.579285714285667 |  -0.00607142857149999 |
|     0.588888888889 |        0.088888888889 |
|               0.85 |                  0.25 |
|                  1 |                   0.5 |
|  0.277777777777667 |       -0.088888888889 |
|              0.575 |                -0.075 |
|             0.3125 |        0.068181818182 |
|  0.436034580498929 |    0.0625878684807786 |
|              0.075 |                 -0.05 |
|     0.333333333333 |                  0.25 |
|              0.725 |                 0.475 |
|   0.71502976190475 |     0.193675595238125 |
|  0.520086321399864 |     0.197036400511001 |
|    0.7016666666667 |                 0.155 |
|    0.4316666666665 |                 0.165 |
|    0.4292857142856 |       0.1207936507936 |