0.56625 -0.134166666667
0.833333333333333 0.2
0.5277056277055 0.246645021645
0.54 0.16
0.394444444444375 -0.0942708333333375
0.354166666667 -0.0625
0.3886363636365 0.2863636363635
0.41999999999994 0.13
0.628571428571429 0.0446428571428571
1 -0.5
0.478787878787667 0.1136363636366
0.5142857142855 0.6125
0.35 0.205555555555567
0.5 0.5
0.56666666666675 0.38825757575775
0.461513573232275 0.00889678030304375
0.454545454545 0.136363636364
0.5007142857142 0.23166666666666
0.402564102564025 0.21666666666675
0.372222222222333 0.239583333333333
0.8375 -0.65
0.316269841269862 -0.0928571428572
0.416225749559222 0.148192239858822
0.315411931818125 0.0717329545454625
0.4755555555554 -0.12333333333334
0.459848484848333 0.145454545454667
0.6566666666666 -0.1616666666666
0.4954545454546 0.08988636363636
0.6987734487735 0.335533910534
0.560968778696 0.275243342516091
0.669336219336273 0.333152958152922
0.433333333333333 0.6
0.634814814814793 0.0740740740740733
0.6058928571429 0.1796428571429
0.5416666666665 0.1666666666665
0.640211640211667 -0.102477152477
0.49574652777775 0.172808159722186
0.541691468253833 0.0883928571428583
0.383928571429 0.321428571429
0.519640852974222 -0.0270482603815889
0.369444444444333 -0.0194444444443333
0.770833333333 -0.270833333333
0.569642857142857 -0.195535714285714
0.6044444444445 0.1506944444444
0.4108796296295 0.0868055555556167
0.579166666666667 0.170833333333333
0.415788840788833 0.0213008056757667
0.7268831168832 -0.2269439935065
0.125 -0.025
0.820833333333333 0.205555555555667
0.503402906617164 0.185318491032714
0.555555555555633 -0.0310606060605556
0.4321428571429 0.166666666666671
0.56666666666675 0.07864583333325
0.4754545454546 0.23637121212128
0.6118686868685 0.144949494949667
0.5540404040405 -0.1343434343435
0.586111111111167 0.1266865079365
0.577876761441593 0.197804433221111
0.408104858104667 0.157696007696
0.4 -0.1375
0.4583333333335 0.2333333333335
0.488888888889 0.4
0.432142857143 -0.1199404761905
0.55 0.00714285714286
0.780555555555667 0.517929292929333
0.4969696969695 0.31325757575775
0.65 0.2
0.2333333333335 0.01666666666665
0.1944444444444 -0.02
0.3004092261905 -0.0561925054113125
0.4664285714286 -0.31047619047626
0.561419753086444 -0.131790123456822
0.572989150767 0.360521885521867
0.546187146187077 0.189368964368985
0.540625 0.225260416666625
0.495684523809625 -0.06875
0.489285714285667 0.21011904761905
0.752380952381 0.1880952380955
0.405555555555667 0.0215277777776667
0.559328703703625 0.174351851851875
0.569303150553167 -0.104304954304917
0.5944444444445 0.125347222222167
0.3608333333332 0.2808333333334
0.5886363636365 0.534090909091
0.706349206349143 -0.0182539682539714
0.711631944444375 0.528125
0.369791666666588 0.188541666666712
0.525 -0.0135416666666675
0.6040404040405 0.0379419191918733
0.38601010101 0.048601641414125
0.4442866161615 0.162279040404071
0.616666666666667 0.45
0.541666666666727 -0.0363636363636364
0.5075 0.00750000000000001
0.753409090909125 0.411647727272725
0.650793650793714 0.511111111111143
0.5436507936508 -0.124603174603167
0.5511363636365 0.377840909091
0.4675992063492 0.1979761904762
0.3675 -0.105
0.534325396825286 0.0946428571428571
0.526515151515 0.0761363636365
0.573280423280429 0.275925925925929
0.61 0.43
0.581818181818182 0.219444444444482
0.330158730158714 -0.194841269841286
0.662103174603333 -0.0279761904762
0.711111111111 0.308333333333333
0.481003821281556 0.0581349206348889
0.398106060606083 0.32026515151515
0.468337268791909 -0.0986353797717091
0.394107744108 0.217676767677
0.4 -0.05
0.558597664961182 0.120548996458091
0.720833333333333 0.4375
0.455357142857 0.1517857142855
0.409511784511778 0.166140572390556
0.576443001443 0.403673641173667
0.4525 0.2525
0.6066666666666 0.245
0.424220779220714 0.121801948052
0.6495454545454 0.3746969696972
0.560416666666667 0.252083333333333
0.725 0.025
0.38924963924955 0.0339375901876
0.6300736961451 0.228869047619
0.563176406926417 0.320851370851333
0.477380952381 0.117261904761857
0.575 0.316666666666675
0.467860235003 0.305739022882
0.5378571428572 0.1089285714286
0.28194444444445 0.12361111111105
0.5985238095237 -0.0771318542569
0.58335700757575 -0.19902935606065
0.5180808080808 0.3558964646465
0.5928333333334 0.2821666666666
0.6214015151515 0.3482954545455
0.407561728395111 0.0959876543209667
0.2 0.2
0.686272321428581 0.273921130952375
0.360119047619 0.180952380952429
0.538419913419667 0.249025974026
0.4485714285714 0.03603174603178
0.5 0.225
0.4935714285714 0.1720105820106
0.349074074074 -0.017361111111
0.525 0.2125
0.530291005291 -0.0227513227513143
0.2927777777778 0.06291666666666
0.530362062180182 0.0325757575758
0.5299886363636 0.01807575757579
0.430238095238 0.11190476190474
0.572727272727222 0.423224431818222
0.617414965986286 0.347837043908429
0.53878787878794 0.42363636363636
0.493818284889571 0.180761698618857
0.6408333333334 0.00875
0.677777777777667 0.05
0.47079004329 0.23608225108225
0.5178819444445 0.188454861111081
0.438174603174783 0.07361111111105
0.6456388888889 0.09041666666666
0.255555555555667 -0.011111111111
0.733333333333333 0.533333333333333
0.520833333333333 -0.283333333333333
0.508760683760692 0.248771367521308
0.470833333333333 -0.0141666666666667
0.5638636363636 0.257301587301655
0.41304924242425 0.112225378787838
0.492718479437125 0.0916982323232375
0.4542424242424 0.0437012987014
0.4761616161616 0.00554292929299999
0.666617063492125 0.074751984127025
0.422023809523857 0.00654761904757144
0.620526695526727 0.105321067821064
0.5453956228955 0.0821001683501
0.494753086419744 0.0160844556676667
0.586363636363571 0.098051948052
0.5988603988605 0.158081374643775
0.58 0.1375
0.780909090909 0.4572727272728
0.544907407407333 0.316820987654333
0.6833333333335 -0.0791666666665
0.4113492063492 0.225
0.461616161616071 -0.0570707070706643
0.222222222222233 0.141666666666667
0.410657081014143 0.208709029066214
0.47020202020195 0.283441558441667
0.56041666666675 0.34583333333325
0.3925 0.345
0.441666666666667 0.252777777777833
0.4598106060606 -0.05401515151517
0.790416666666667 0.253749999999945
0.0333333333333 0
0.58 -0.005
0.45 0
0.541630591630429 0.1512987012987
0.2125 0.125
0.4 -0.05
0.3680555555555 0.1743055555555
0.638888888889 -0.140625
0.578472222222117 0.107291666666717
0.5339285714285 0.1089285714285
0.6259523809524 0.2425
0.61792929292925 0.43510101010101
0.2484242424242 0.09806060606066
0.475925925925967 0.0835016835017
0.683333333333333 0.366666666666667
0.525 0.275
0.49444280467 0.145268431063913
0.409105940355882 0.0984301346801545
0.548905723905727 0.0966750841751182
0.371043771043667 0.0945075757576333
0.37916666666675 -0.1
0.537878787878909 0.373626893939364
0.668181818181667 0.112121212121333
0.403703703703667 0.140151515151556
0.425 -0.0305555555556
0.50625 0.025
0.544047619047571 0.128571428571429
0.4933506493507 0.1931623376624
0.7125 0.103125
0.65 -0.075
0.475011757789522 0.257777777777778
0.425 0.18125
0.474646464646364 0.0772727272727273
0.576204004328875 0.081531836219375
0.616610549943889 0.217760942760978
0.35833333333332 0.22
0.511111111111167 0.076893939394
0.388888888888667 0.0833333333332333
0.359259259259333 0.0267115600449778
0.52 0.22145833333346
0.413888888889 -0.163888888889
0.4716666666666 -0.055
0.658658008658143 0.320900974026
0.5315584415584 0.071038961039
0.5109375 -0.017755681818125
0.525 0.175
0.494444444444364 0.0997474747473818
0.777777777777667 0.337373737373667
0.644191919191909 0.351363636363636
0.85 -0.025
0.5775378787878 0.2023863636364
0.576406926406857 0.266017316017286
0.41289682539687 0.10275793650794
0.5065476190475 0.088318452380875
0.390476190476243 0.148809523809529
0.428935185185167 0.0722222222222833
0.4981523569025 0.21554292929294
0.50633333333334 0.09
0.637767094017167 0.0477831196582333
0.53481691919175 0.22436868686875
0.5223052641803 0.221470959595913
0.52064814814818 -0.0228703703704
0.416461489898875 0.152525252525375
0.347634078884167 0.165960197210233
0.682738095238 0.299404761904667
0.75 0.375
0.512976354453546 0.183109504132273
0.7508216089467 0.21784902597398
0.4942460317461 0.237301587301667
0.46632756132757 0.10075937950945
0.621604938271556 0.275925925926
0.770037105751286 0.0370825602968571
0.438531746031786 -0.0899224386724357
0.425 0.2
0.789855699855714 0.373398268398286
0.6221428571428 0.545
0.63571428571425 0.1348214285715
0.68908730158725 0.197867063492
0.5163636363636 0.3409090909092
0.457142857142857 0.154761904761857
0.431060606060556 0.317929292929333
0.276507936508 0.0683333333335
0.533416005291 0.25256283068785
1 -0.333333333333
0.470204081632714 -0.0804081632652857
0.3471428571428 0.12333333333326
0.55343434343425 0.213863636363667
0.453760049474429 0.0330735930736143
0.47424242424234 0.1322727272728
0.6775 -0.09083333333334
0.634814814814778 -0.0117592592592222
0.462121212121167 0.219307659932733
0.468873055956333 0.148114077280792
0.3227904040405 -0.080871212121175
0.604761904761857 0.122857142857143
0.470833333333333 0.225568181818256
0.517536976912 0.122637085137108
0.651339285714333 0.18737824675325
0.623611111111143 0.151190476190471
0.518 0.2537708333333
0.484126984126857 -0.0960317460316429
0.393589015151588 -0.107485795454525
0.544742063492072 0.168452380952357
0.467142857142857 0.168571428571429
0.462110904967857 -0.00991548134401428
0.434776334776286 0.147258297258429
0.8136363636365 0.134090909091
0.443085399449182 0.155678374655636
0.4044444444444 0.1522222222222
0.531420415333404 0.00900825020388695
0.31583333333334 -0.09636363636364
0.428571428571429 0.0767857142857143
0.452777777777778 0.216111111111111
0.609259259259333 -0.0967592592593333
0.515790719697 0.26020359848485
0.387083333333412 -0.0047916666666625
0.5828066378066 0.1757070707071
0.39833333333334 -0.085
0.5994949494945 -0.094318181818
0.647226430976417 0.278762626262658
0.433333333333333 0.311111111111
0.5506551627385 0.0817803030302928
0.593594104308286 0.146394428983757
0.45 0.2375
0.28333333333335 0.1666666666665
0.5089225589225 0.241287878787975
0.447867063492167 -0.135615079365117
0.5385416666665 0.14166666666675
0.341093474426808 -0.229585537918975
0.655 0.341666666666667
0.64 0.0554166666666
0.509455667788889 0.189534231200889
0.494362554112485 0.1059903950217
0.667361111111 0.2430555555555
0.5833333333335 0.5083333333335
0.4635890151515 0.10454545454545
0.566184998129333 0.211199962588889
0.595664983164833 0.417171717171667
0.607936507936571 0.0555555555555714
0.561970172684286 0.0623822605965286
0.45473484848475 0.03371212121225
0.492460317460333 -0.029828042328
0.506683982684 0.223221861472
0.457478632478615 -0.0685897435896923
0.41575 0.3549375
0.673688271605 0.271296296296283
0.501388888888889 0.0827441077441111
0.355950126262375 0.0527304292929125
0.629629629629667 -0.031712962963
0.4302083333333 0.123958333333375
0.745562770562727 0.335714285714273
0.587157287157143 0.350396825397
0.535714285714 0.285714285714
0.418506493506428 -0.0376623376622857
0.535714285714286 0.357142857142857
0.580483405483286 0.0670815295815486
0.352604166666638 0.0427083333333625
0.428354978354957 0.147727272727286
0.486111111111 0.5430555555555
0.27869318181825 0.15454545454545
0.447272727272727 -0.0212878787879091
0.1 0
0.580612244898 0.0350340136054857
0.412542087542078 0.0687394781145222
0.5772727272725 0.07045454545475
0.6924999999999 0.0933333333333
0.4888888888889 0.316666666666667
0.550462962962922 0.309722222222222
0.501157407407444 0.129050925925889
0.538085399449 0.189152892561982
0.493434343434333 0.339141414141467
0.71363636363625 0.296590909091
0.4433333333334 -0.06
0.554166666666714 0.0952380952381429
0.40833333333325 0.25625
0.5 0.5
0.4351851851852 -0.101851851851867
0.3125 0.13125
0.463095238095286 0.201190476190429
0.566666666667 0.0833333333333
0.6333333333334 0.2125
0.37757605820105 0.137106481481417
0.395 0.16000000000006
0.4602272727273 0.1618181818182
0.5 0.4
0.505050505050555 0.0941077441078111
0.564865491651286 0.384740259740286
0.6625 0.545833333333333
0.661038961039 0.156168831168857
0.484513970877582 0.0249754033844545
0.317857142857 0.242857142857
0.420928030303 0.291122159091
0.925 0.2875
0.502502893518544 -0.0836226851851437
0.4116666666665 0.4275
0.416061407728 -0.0167628667627778
0.328571428571444 -0.00185185185188889
0.4466666666666 0.22537878787886
0.538464187327936 0.224380165289273
0.450909090909 0.2139393939394
0.5506944444445 -0.01666666666675
0.6603174603174 0.12450396825384
0.546293290043307 0.376893939393914
0.6371428571428 0.2771428571428
0.457491582491583 0.110608691077475
0.38396870490625 0.07429924242425
0.2294444444444 -0.0227777777778
0.647270595566091 0.0383131231143636
0.465263605442143 0.00837585034012143
0.7272727272725 0.318181818182
0.825 0.35
0.453253968253857 0.0505952380952857
0.48333333333325 -0.0125
0.425170068027143 0.153443877551014
0.60625 0.35859375
0.506623931623846 0.139423076923077
0.482142857142875 0.078162202380875
0.8 0.6
0.4594444444444 0.05583333333334
0.439401154401 -0.04856060606054
0.483333333333286 0.153571428571429
0.4444444444445 0.16388888888885
0.55 0
0.658333333333333 -0.011111111111
0.5 0.5
0.638194444444442 0.389204545454583
0.381771799628857 0.198370825603
0.125 0
0.487626262626 -0.208712121212
0.502125420875333 0.13905197811449
0.4791666666665 0.075
0.556116722783444 -0.185634118967444
0.607395382395333 0.0457205988456667
0.509466991341875 0.155319264069262
0.5389204545455 0.21439393939375
0.506154729109182 0.0984550045914545
0.463134088134 0.243427405927385
0.7 -0.23
0.475881410256436 -0.122643849206429
0.55037878787875 0.235321969696975
0.443668831168714 0.180898268398214
0.6110894660894 0.11829906204906
0.518415759324818 -0.0609441274214454
0.472916666666675 0.1625
0.511507936507973 0.0309090909090909
0.463386243386222 0.434814814814778
0.732449494949455 0.375505050505091
0.584511784511778 0.174242424242422
0.441893939393979 0.12670725108225
0.508333333333333 0.231060606060667
0.53333333333334 0.24
0.56988636363625 0.27054924242425
0.5169642857145 0.2410714285715
0.5 0.408333333333333
0.6 0.425
0.4435016835016 0.20121212121226
0.528921568627412 0.0661764705882353
0.4239444444444 0.02608080808077
0.609090909091 -0.0272727272726667
0.596296296296333 0.0731481481482222
0.348809523809571 0.0830357142857143
0.348333333333333 0.107727272727333
0.503571428571428 0.237716450216471
0.575 -0.05
0.484375 0.251041666666662
0.556304112554078 0.273432239057222
0.501304713804833 0.143771043770967
0.680134680134667 0.386994949495
0.5796666666666 0.3266666666666
0.678409090909088 0.443939393939375
0.4029545454546 0.17363636363636
0.614625850340143 0.309863945578143
0.6461174242425 0.32284564393935
0.56 0.285
0.507779323850714 0.157519068233364
0.6030045351475 -0.0287037037037
0.353417415917455 0.0982101232100909
0.677328843995445 0.282828282828278
0.50955387205385 0.0186868686868833
0.75 -0.0416666666665
0.4671875 0.144097222222125
0.42666666666654 0.18125
0.425 0.275
0.453156565656444 0.347474747474867
0.58806818181825 -0.3392045454545
0.510648148148133 0.12027777777778
0.519205794205746 0.297722589910154
0.700170068027286 0.480527210884429
0.535873617123667 0.149720418470417
0.53125 0.20625
0.5600694444445 0.276294191919288
0.494794094794077 0.129880536130538
0.538690476190529 0.182738095238143
0.69791666666675 0.28958333333325
0.49488636363625 0.061174242424325
0.5 0.55
0.5444444444445 0.200000000000075
0.685 0.03625
0.635714285714286 0.428571428571429
0.478205128205177 0.123717948717923
0.444444444444444 -0.0222222222222222
0.526296296296222 0.147777777777778
0.552623456790078 0.137584175084211
0.37708333333325 0.002083333333325
0.553816738816643 0.0887705176767286
0.432407407407333 0.114814814814811
0.486550775613313 0.0764959866522375
0.457417582417692 0.192399267399285
0.6276515151515 0.142878787878833
0.503056539420182 0.250408303817345
0.37973484848475 0.1232954545455
0.4756944444445 0.170138888888883
0.6081845238095 0.333110119047625
0.58715277777775 0.073958333333375
0.25 0.139583333333333
0.442857142857 0.195089285714286
0.447962962963 0.246770833333333
0.52813492063497 0.4053571428572
0.4348484848484 0.1559090909091
0.47452922077925 0.154403409090938
0.565 0.135
0.379365079365 0.214880952381
0.512913223140545 0.222004132231455
0.445742817788182 0.0899757313392727
0.452272727272643 0.173836580086643
0.418181818182 -0.221212121212
0.566964285714375 0.2815476190475
0.477182539682667 0.1910714285715
0.471527777777783 0.33046875
0.622251082251 0.325616883117
0.741666666666667 0.0958333333333333
0.476957070706963 0.03450126262625
0.704617604617667 0.229671717171778
0.514267676767667 0.105634469697
0.278472222222183 0.04236111111115
0.790740740740778 0.472222222222256
0.47699999999998 0.197055555555647
0.567894605394692 0.224864718614769
0.406944444444333 0.088888888889
0.333333333333 0.25
0.5733333333334 0.1591666666666
0.472222222222143 0.1251984126984
0.640952380952386 0.454285714285714
0.5296875 0.22366071428575
0.435149110149056 0.214931307118872
0.548898071625364 0.111165633608784
0.575 0.096875
0.574189814814875 0.200983796296312
0.503006253006111 0.219949494949667
0.61683035714275 0.231902732684075
0.493109668109571 -0.0305194805194286
0.533597883598 -0.0161375661375714
0.45628787878787 0.3293655303031
0.754931972789143 0.181122448979671
0.648958333333333 -0.245052083333333
0.56458333333325 -0.0633522727272725
0.801851851851667 0.396296296296333
0.455822510822333 0.320151515151667
0.485261707988909 0.237964876033091
0.449999999999925 0.08125
0.686979166666625 0.0546875000000375
0.4869173881674 0.144366883116855
0.253086419753117 -0.0442901234568333
0.795194003527333 0.378350970017556
0.588068181818125 0.104403409091
0.4910714285714 0.08154761904759
0.454545454545 0.136363636364
0.470987654321044 0.0756172839506222
0.596184062850633 0.260213243546667
0.60987654321 0.0277777777777667
0.550132090132 0.216825951826
0.479924242424182 -0.192424242424273
0.528521825396754 0.0896735209235833
0.603282828282778 0.37398989899
0.414877136752131 -0.1340277777778
0.4625 0.2791666666665
0.494805194805 0.1632034632032
0.55 -0.25
0.583888888888833 0.321666666666667
0.4381926406926 0.3963744588745
0.596157407407333 0.0732870370370333
0.551345486111125 0.0623480902777687
0.580762729334143 0.380169294990779
0.572222222222167 0.152777777777833
0.463573232323167 0.0565025252525583
0.6263636363636 0.2624881628788
0.7902272727272 0.2543181818182
0.502083333333364 -0.0157004616477
0.4635416666665 0.1364583333335
0.5651948051948 0.11012987013
0.577777777777667 0.5
0.72916666666675 0.3375
0.645039682539667 -0.3085482804233
0.5861111111111 0.2747222222222
0.540342016657721 0.139186824384247
0.307142857142814 0.132440476190429
0.31363636363625 -0.08238636363625
0.55 -0.0916666666666667
0.7018154761905 0.364396701388892
0.396666666666667 0.235
0.729861111111 0.271875
0.642548209366364 0.264511019283882
0.491666666666667 -0.133333333333333
0.555303030303 0.170202020202
0.53 -0.0133333333333333
0.301394557823243 0.283877551020429
0.507208994709058 0.181719576719633
0.483333333333333 -0.05
0.573344556677778 0.155082070707033
0.450646043771044 0.147160143097693
0.605158730158667 0.281254960317533
0.643665824916 0.245622895622867
0.410119047619 0.0392857142856667
0.468849206349 0.367857142857
0.752777777777667 0.106944444444333
0.42263888888875 0.194444444444413
0.657954545454444 0.0285353535354444
0.645021645021667 0.444696969696917
0.487435897435846 -0.015641025641
0.635714285714286 0.329464285714286
0.466021825396775 0.260119047619117
0.517857142857143 0.210714285714286
0.6104545454546 0.06238636363636
0.655634920634933 0.164563492063467
0.366145833333375 -0.109375
0.772296831955818 0.0371814738291818
1 0.5
0.71470995671 0.2610268759019
0.433231292517 0.0214625850340571
0.501021201021154 -0.077972027972
0.49641504329 0.0954274891775
0.76 -0.02
0.488621794871769 0.111057692307692
0.5961363636363 0.144090909091
0.675 0.35859375
0.4548888888888 0.23900000000006
0.6555555555555 0.25
0.416987179487125 0.109375
0.617754071325571 0.423512871057521
1 -0.9375
0.746556122449 0.248554421768714
0.54585700757575 0.17948626893935
0.3 -0.2
0.446735209235143 -0.0309884559883514
0.272222222222 0.333333333333333
0.5083333333333 0.1441666666667
0.5595 0.1995
0.4442424242426 0.16810606060612
0.8 0.6
0.411871693121778 0.132079725829778
0.711309523809555 0.314682539682556
0.575 -0.003125
0.82 0.54
0.481452277880857 0.139883529169386
0.500037202380875 -0.1332217261905
0.6087878787878 0.1955113636364
0.6042929292929 0.2321590909091
0.575972222222167 0.157083333333333
0.476736111111125 0.23125
0.328125 0.20625
0.399526515151625 0.063494318181875
0.76027000777 0.205115902615915
0.43958333333325 0.0484375
0.4137910353535 0.0395991161615625
0.453549382716 0.235648148148144
0.44416666666673 0.2071590909091
0.501776695526667 0.08713023088025
0.447916666666625 0.266666666666663
0.563925364758778 -0.0407189955106333
0.547767857142875 0.03415178571425
0.6080519480518 0.307987012987
0.3333333333334 0.17666666666666
0.667857142857 -0.157142857143
0.5375 0.16875
0.417361111111283 0.111805555555667
0.392857142857 0.136607142857
0.426038961039 0.1104545454546
0.420833333333337 0.175923295454663
0.55 0.7
0.444444444444333 0.222222222222333
0.5285714285715 0.2233333333333
0.533333333333333 0.44375
0.575 0.075
0.568181818181667 -0.0378787878786667
0.550617283950556 0.0554012345678889
0.475 0.00511363636366667
0.585019841269833 0.221893037518083
0.56988636363625 -0.156534090909
0.506818181818125 0.0607954545456
0.405687830688 0.1625
0.352777777777667 -0.0981481481482167
0.543668831168714 0.340205627705664
0.439640022675693 0.179067460317429
0.56041666666675 0.3177083333335
0.486423761423833 -0.0104617604618333
0.3872077922078 0.2255194805196
0.8 0.4
0.471350762527176 -0.0651824618735882
0.44176136363625 0.146590909091
0.7 0.216666666666667
0.631547619047714 0.281696428571386
0.586995464852571 0.0404081632652857
0.461190476190429 0.122380952381
0.478373015873 0.131101190476214
0.494679487179462 0.104970862470938
0.481547619047571 -0.0930555555555571
0.476126651126538 0.233532439782538
0.477573352573429 -0.0589766714767143
0.594065656565583 0.0707828282828667
0.525 0.316666666666667
0.471745230078556 0.105443322110033
0.66 0.3366666666666
0.420917658730083 0.245205853174583
0.5125 0.3
0.5225 0.1375
0.649776990686091 0.218995146267818
0.459432560903018 0.2312685680333
0.495761183261214 -0.0840841450215714
0.663226010100917 0.24583784271287
0.377861952862 0.0965067340067333
0.52310606060607 0.2099242424243
0.529004329004264 0.399147727272828
0.752083333333333 -0.1375
0.3663095238096 0.15
0.576721763085427 0.205440771349882
0.624603174603167 0.140873015873067
0.551587301587333 0.205753968254
0.69041005291 0.2103835978835
0.618181818181667 0.278787878788
0.383333333333333 0.14375
0.675 -0.1
0.275 0.216666666666667
0.503061224489714 0.388775510204
0.503174603174571 0.0195011337868571
0.574074074074 0.440277777777744
0.4820202020202 0.03949494949494
0.5022510822511 0.1200432900433
0.554526651799395 0.208496572871578
0.672222222222333 -0.05
0.550790612895895 0.0570642515379421
0.501851851851889 0.126543209876556
0.35227272727275 0.192556818181875
0.531150793650667 0.315277777777783
0.515238095238 0.1824603174602
0.314898989899 0.19863636363636
0.575 0.5875
0.5494949494945 0.2126262626265
0.381122448979572 0.123979591836714
0.6545454545455 0.144696969696967
0.2788888888889 -0.04
0.8004761904762 -0.0782738095238
0.45 0.3
0.403068181818125 0.128434343434375
0.944444444444 0.427777777778
0.489510518721053 0.00849538619277369
0.454545454545333 -0.0254419191918667
0.475958994709 0.0863756613756666
0.567394179894 0.31832010582
0.473228200371 -0.0518784786641714
0.484801136363625 0.191690340909112
0.407539682539625 0.00927579365076251
0.34166666666654 0.1116666666666
0.409523809523714 0.109523809523714
0.6305844155844 0.19324675324678
0.5 0.46875
0.6186706349207 0.01965773809527
0.501767676767667 -0.0115530303030333
0.48092352092333 0.32383658008659
0.42767857142855 0.220535714285714
0.712847222222167 0.175347222222167
0.623015873016 0.240873015873
0.4279545454546 0.1136363636364
0.460740740740667 0.3624074074074
0.419636844636833 0.174708393458342
0.733333333333333 0.233333333333333
0.529148629148571 0.0554112554113286
0.4771428571428 -0.00571428571420001
0.723253968254 0.3224444444444
0.5053571428572 0.25571428571428
0.506481481481444 0.103703703703667
0.570238095238 0.1123015873015
0.590476190476143 0.323809523809571
0.544955357142813 -0.11926711309525
0.414285714285714 0.0287878787878571
0.525 0.325
0.643939393939364 0.100162337662364
0.5416666666665 0.258333333333325
0.632291666666625 0.37102272727275
0.725 0.275
1 0.9
0.447799422799286 0.116224747474786
0.672222222222222 0.054475308642
0.605952380952429 0.0297619047619286
0.609779614325091 0.153236914600545
0.5101428571429 0.1385
0.6442424242424 -0.0785606060606
0.503869867506182 0.112682834841964
0.536913780663786 0.186585723304521
0.625 0.63020833333325
0.567124542124538 0.0938492063492308
0.614267676767636 0.218402777777727
0.574382716049283 0.18302469135805
0.64045138888875 0.05939980158725
0.44364177489175 0.223538961039
0.500694444444417 0.133333333333333
0.593258838383917 0.0317234848485
0.403273809524 0.1375
0.46 0.12
0.591234567901333 0.429421296296333
0.592487373737333 0.176957070707083
0.541666666667 -0.0416666666667
0.3311069023569 0.16746632996638
0.677050505050467 0.0331073232324
0.583916847041835 0.27173755411254
0.57557870370375 0.0442708333333375
0.5751262626265 0.18929924242425
0.531481481481555 0.233333333333333
0.476736111111167 0.311111111111167
0.5097222222222 -0.078611111111134
0.583333333333333 -0.133333333333333
0.525226757369571 0.287471655328714
0.537453595787 -0.0308199516534111
0.511784511784475 0.0892282196969167
0.475 0.196666666666667
0.4339393939392 0.11595959595974
0.383333333333333 0.301893939394
0.517857142857143 0.266666666666671
0.40002705627675 -0.07880140692625
0.684851259851231 0.234716672216678
0.60833333333325 0.175
0.5944444444445 0.22604166666665
0.8 -0.05
0.571388888889 -0.134722222222233
0.5266666666667 0.4397916666667
0.27572222222233 0.11109722222223
0.5944444444445 0.0722222222221667
0.572222222222333 0.544444444444333
0.671081349206333 0.357118055555583
0.4625 0.3625
0.522727272727333 0.240151515151633
0.5952777777778 -0.0223611111112
0.2625 0.2
0.450385802469111 0.138503086419667
0.560303030303 0.347424242424333
0.6341666666666 -0.07
0.520833333333375 0.46953125
0.46573472823475 0.097376668470425
0.430647031539879 0.15369608070505
0.520935828877059 0.190975193107571
0.470370370370333 -0.0367845117845333
0.247916666666675 -0.022916666666675
0.450909090909 0.1272727272728
0.351515151515 0.102272727273
0.45681818181825 -0.2329545454545
0.74 -0.01
0.6 0.7
0.580782312925143 -0.0477040816327143
0.65 -0.208333333333
0.601851851851856 0.340123456790089
0.501190476190429 0.253769841269857
0.558752358752362 0.177360139860115
0.455357142857143 0.1625
0.49916666666667 0.1071875
0.343614718614571 0.227489177489129
0.532032992260273 0.366018955791727
0.514795918367286 0.185586734693871
0.44 0.31
0.609911616161625 0.136268939393962
0.522553661616063 0.213549558080875
0.440691609977286 0.308316326530571
0.36333333333328 -0.0125
0.367126122334417 -0.0561623176206667
0.4840936147186 0.13212391774903
0.587534435261636 -0.00824724517900003
0.659810606060636 0.164280303030273
0.522222222222333 0.0555555555555667
0.4196717171717 0.1643181818182
0.233333333333333 -0.0625
0.517045454545455 0.114759199134182
0.5875 0.1375
0.446882086167857 0.0887987012987143
0.587713109935333 0.198148148148156
0.3915873015872 0.12666666666674
0.4356666666666 0.14023674242436
0.575 0.3802083333335
0.469342642452341 0.0869605902227902
0.563359788359714 0.0305555555555429
0.6107431457431 0.01259199134203
0.486926961926977 0.187937062937077
0.530952380952 -0.0095238095235
0.433862433862333 0.185714285714222
0.601896516182143 0.217949907235679
0.512191974692 0.205010614385643
0.383070500927671 0.0352697897341214
0.447402597402571 0.249289772727429
1 0
0.427020202020167 0.0140782828282833
0.85 0.4
0.551388888889 0.063446969696975
0.45904761904764 0.07452380952383
0.507052341597727 0.278615702479394
1 0.4
0.38125 0.025
0.451333361627529 0.0361668152109882
0.688762626262625 -0.0960552793560875
0.45353535353525 0.263873106060667
0.520238095238143 0.238690476190571
0.513690476190375 0.190476190476108
0.533394383394385 0.303640109890077
0.6388888888888 0.3144444444444
0.528165584415583 0.313915945166
0.65 -0.05
0.435921717171769 0.167395104895062
0.61041666666675 0.05989583333325
0.427272727273 -0.131818181818
0.472619047619 0.0559523809523333
0.421655631949747 0.111783804430865
0.49 -0.068787878787875
0.34027777777775 0.097222222222125
0.468174803591444 0.386328563411989
0.473397435897408 -0.0451923076923846
0.465517676767583 0.179488636363667
0.6875 0.379166666666667
0.636871693121778 0.115787037037033
0.4 0.0625
0.5051294191919 0.018847853535335
0.511868686868833 0.0977272727274
0.5020833333334 0.23
0.27318376068355 0.0486111111111
0.4404646464644 0.18105050505064
0.445238095238 0.4135714285714
0.45 0.3
0.62777777777775 0.0375868055555
0.2166666666665 0.125
0.301984126984143 0.0190476190475714
0.496221303948518 0.178204775023
0.4704545454545 0.3886363636365
0.4828125 0.409375
0.53958333333325 0.2125
0.4767361111111 0.00974747474748
0.450816326530572 0.107602040816286
0.541296296296333 0.213051346801568
0.475 0.1410714285715
0.5425 0.0675
0.3788257575756 0.10143939393954
0.401515151515 0.0121212121213334
0.1 0
0.427777777777667 -0.2388888888889
0.433974358974361 0.178205128205154
0.454924242424333 -0.00227272727283333
0.508537296037308 0.146556915306923
0.567261904761857 0.225
0.477777777777667 0.254040404040333
0.366666666666625 0.026041666666625
0.352741702741667 -0.0788600288600333
0.485714285714286 -0.0844155844155857
0.53444264069255 0.23127976190475
0.571232323232333 0.15781228956234
0.518080357142875 0.086848958333375
0.466708754208778 0.0540404040404444
0.559577922077857 0.123051948052
0.364285714285714 0.135119047619143
0.5 -0.5
0.718181818181818 0.207386363636364
0.552160493827111 0.0858024691358
0.519230769230769 0.128846153846154
0.470833333333283 0.483333333333333
0.567424242424167 -0.0715909090908333
0.504892676767608 0.2096275252525
0.625357142857188 0.175652901785713
0.3826136363637 0.13183170995673
0.6119682539682 0.38464880952387
0.6721428571428 0.0671428571428
0.39487012987 0.15799242424255
0.0666666666667 0.0333333333333
0.491666666666667 0.1805555555555
0.467870370370333 -0.161203703703667
0.617167919799526 0.215782353611316
0.45738636363625 -0.0738636363635
0.5508333333334 0.2741666666666
0.427746212121213 -0.104332386363625
0.706666666666667 0.201666666666667
0.592142857143 -0.135714285714329
0.488926767676833 -0.0148106060606
0.741666666666667 0.00833333333333334
0.683418803418778 0.279401709401667
0.456439393939364 0.106818181818182
0.666007822586721 0.025833048530421
0.418019480519429 0.166774891774843
0.375 0.13333333333325
0.70208333333325 -0.125
0.472186147186143 0.0179653679654286
0.23125 0.025
0.311111111111 -0.063888888889
0.6183333333334 -0.028333333333334
0.394851576994429 0.168506493506543
0.595 0.2225
0.465589569161 -0.0296626984127143
0.595270070838182 0.257349468713173
0.766666666666667 0.366666666666667
0.5625 0.3625
0.320982142857087 0.226190476190425
0.464442898371479 0.2341939806225
0.3522727272725 -0.019318181818
0.554203743787 0.205411255411317
0.6595 0.31091666666666
0.605952380952386 0.047619047619
0.548214285714286 0.186309523809571
0.3483333333335 0.135
0.382613168724333 0.134082892416211
0.478361742424188 0.109739583333344
0.389583333333333 0.05625
0.509090909091 0.484848484848667
0.669023569023445 0.105892255892333
0.4410202020202 0.0432727272728
0.447193732193746 0.195113960113923
0.8636363636365 0.059090909091
0.473063973063833 0.635669191919167
0.5231620718463 0.0788784461152632
0.598333333333286 0.172142857142857
0.819047619047572 0.207341269841286
0.4768181818182 0.2395454545455
0.583333333333429 0.125541125541143
0.330555555555556 0.0722222222222222
0.366666666666667 0.104166666666667
0.539646464646333 0.131060606060667
0.5341666666667 0.0529166666667
0.64896384479725 -0.229783950617292
0.25 0
0.460416666666642 0.276587301587275
1 1
0.450017841844703 0.244424192260756
0.3983375420875 0.110369318181817
0.75 0.114285714285714
0.477669880624273 0.0416873278237273
0.533333333333333 0.233333333333333
0.407592592592667 -0.00509259259266666
0.47375 0.054375
0.5833333333334 0.155
0.5966666666666 -0.0666666666666
0.598611111111108 0.109722222222167
0.9 -0.6
0.692222222222167 0.0986111111111667
0.498140495867727 0.204388036206273
0.488720538720333 0.477935606060667
0.5252083333333 0.3300520833333
0.5826666666666 0.1466666666666
0.151873278236936 0.0971831955923
0.462450216450133 0.173210858585933
0.492857142857125 -0.00103490259737501
0.4 0.229166666666667
0.8 0.8125
0.475974025974 0.122077922077929
0.551034151034 0.0308040724707222
0.425 0.0772727272729
0.3125 0.0660714285715
0.584054834054786 0.0907151875901429
0.216666666666667 0.5775
0.557165404040333 0.351246843434417
0.54220328282825 0.289015151515167
0.625 0.078125
0.589492143658833 0.146801346801333
0.60364583333325 0.249609375
0.539285714285706 0.159173669467788
0.538833136560364 0.102872884691091
1 1
0.495238095238 -0.007142857143
0.53378472222225 0.391666666666667
0.587037037037 0.02039141414145
0.4416666666665 -0.0526041666665
0.4335714285714 0.0416666666666
0.529870129869857 0.0961038961039572
0.4875 -0.06875
0.535281385281455 0.0685425685425909
0.571681096681 0.177194564694633
0.505067155067154 -0.0300976800977308
0.46363636363625 0.121590909091
0.35 -0.05
0.469151434984778 0.402594195927622
0.667901234567889 0.294444444444444
0.412459299959386 0.107200920772365
0.459325396825457 0.045238095238
0.327321428571471 0.00511904761904287
0.666666666667 -0.7
0.5462878787878 0.2215151515152
0.425 -0.075
0.687380952380857 0.0328571428571429
0.678044871794833 -0.0119391025640833
0.4754834054833 0.07233946608942
0.594444444444444 0.121908068783122
0.745855379188778 -0.115707671957667
0.67678571428575 0.20625
0.565 0.171875
0.454290633608727 0.188719008264545
0.502083333333333 0.0901041666666667
0.586796536796438 0.212601461039
0.4759523809525 0.2442857142855
0.53333333333325 -0.18125
0.49375000000004 0.2573958333333
0.6375 0.59583333333325
0.637256493506455 0.242985660173182
0.536144781144556 0.13569023569037
0.660442370129875 0.159145021645081
0.40283495670996 0.1551022727273
0.393939393939 0.224431818182
0.79722222222225 0.011111111111
0.809375 0.159375
0.46 0.33958333333335
0.499319727891 0.100850340136143
0.480925324675313 0.28076073232325
0.5466666666666 0.4
0.597073412698333 0.073859126984
0.388305999556092 0.12636942340075
0.5833333333335 0.1395833333335
0.636057692307692 0.534134615384615
0.7833333333334 0.28333333333334
0.65625 0.32375
0.1875 0.125
0.444444444444478 0.368518518518556
0.4863005050504 0.04748737373742
0.497848858960011 0.0650439580995111
0.5400019425019 0.0651437451437
0.5262121212122 -0.1911363636363
0.404545454545333 0.1940769300145
0.55 0.25
0.373520923520856 0.135521885521922
0.510119047619167 0.125595238095233
0.6295454545455 0.069696969697
0.5 0
0.473565197428818 0.136030762167118
0.3625 0.08825757575775
0.4393434343434 0.17863636363636
0.5754545454546 0.2736363636364
0.42398989898995 0.1530303030303
0.464888888888867 0.0910808080808533
0.393187830688 -0.0933862433862833
0.7583333333335 0.2104166666665
0.4 0.5
0.4489583333334 0.098125
0.698214285714286 0.448214285714286
0.642175725509083 0.0710119548662083
0.471428571428571 0.0857142857142857
0.461284271284143 0.177099567099571
0.474603174603333 -0.0873015873016
0.5677083333335 -0.2973958333335
0.43560606060595 0.211931818181783
0.3625 0.25
0.389606227106231 -0.112400099900046
0.463292011019273 0.0690254820937273
0.596296296296367 0.0134259259258889
0.483333333333429 0.271428571428714
0.497222222222111 0.0925925925926667
0.5722222222222 0.20472222222222
0.41369588744575 0.383676948052
0.3646825396825 0.22103174603185
0.448611111111 0.2641666666666
0.313988095238 0.133606150793637
0.482140852974111 0.00544332210997778
0.539646464646667 -0.114309764309733
0.458001165501154 0.0177593240093077
0.497222222222167 -0.161111111111167
0.3666666666665 -0.00833333333335
0.594735449735444 -0.104060846560778
0.4766666666666 0.00499999999999999
0.4987878787878 0.2006060606061
0.430555555555667 0.111111111111
0.508017676767667 0.112436868686833
0.61875 0.21875
0.4583616780045 0.182320011337914
0.1125 -0.1875
0.666510244141842 0.241305332094842
0.330303030303 -0.015909090909
1 -0.075
0.4910101010101 0.0520454545456
0.504629629629667 0.0784722222222222
0.638064316635714 0.178579158936286
0.5125 0.62083333333325
0.515151515151375 0.0795454545455
0.513483946608917 0.0493993506493333
0.569696969696857 0.204004329004429
0.525524475524438 -0.0699494949494538
0.566666666666667 0.0666666666666667
0.7992424242424 0.2489393939394
0.489484126984143 0.0117063492062857
0.529629629629667 0.455555555555667
0.78863636363625 -0.09299242424225
0.504093567251474 0.0377192982456316
0.5199825174825 0.134876165501175
0.325 0.0625
0.8 0.352083333333333
0.3916666666665 0.1229166666665
0.476495726495692 0.120673076923077
0.578373015873 0.22841269841264
0.364748677248667 0.275
0.398989147426625 0.23133116883125
0.381313131313233 0.3255050505051
0.2 -0.1
0.6 0.201762820512846
0.6119536713285 -0.09475524475525
0.577672735760941 0.0915411998132823
0.472865013774091 0.267768595041364
0.538657407407333 0.202676504629667
0.753549382716 -0.0600694444443833
0.5 0.4583333333335
0.414285714285714 0.285714285714286
0.474867724867667 0.111728896103889
0.408495670995643 0.0919237012988
0.6916666666665 0.53333333333325
0.4533333333334 0.095
0.319444444444333 0.147222222222233
0.476743197278857 -0.00635097789116642
0.390740740740889 0.174074074074144
0.5536075036075 0.050214195526725
0.441666666666667 -0.136111111111167
0.51 -0.2283333333334
0.51294191919175 0.258175505050583
0.456250000000125 -0.06041666666675
0.6 0.375
0.788888888889 0.00208333333333333
0.623653198653333 -0.0052188552189111
0.516326530612286 -0.0191326530612286
0.483333333333333 0.188888888889
0.633838383838333 0.377840909090856
0.412058080808083 -0.0715909090909167
0.75 0.0916666666666667
0.875 0.375
0.4566666666668 0.16
0.5927645502645 0.03162698412695
0.475952982202778 0.128625541125678
0.62291666666675 -0.00416666666674999
0.508754208754111 0.214478114478111
0.7875 0.39375
0.5035714285715 0.09862012987035
0.516666666666667 -0.4
0.252528490028456 0.151388888888889
0.509375 0.295625
0.711191460055182 0.210020661156973
0.42380341880338 -0.1095833333333
0.365625 -0.16875
0.551986531986444 0.165673400673444
0.7272727272725 0.468181818182
0.339814814814778 0.134259259259222
0.58333333333334 0.23333333333326
0.598556998557 0.341379354772207
0.675 0.378125
0.62 0.5524242424242
0.457407407407444 0.247474747474778
0.554581529581571 0.0898268398268428
0.5291666666667 0.2758333333333
0.482716049382667 0.113580246913567
0.54270833333325 0.316145833333213
0.4 -0.275
0.492676767676625 0.166792929293062
0.502777777777667 0.06944444444445
0.7477430555555 0.00246527777775001
0.89583333333325 0.1015625
0.679831649831556 0.288097643097667
0.765432098765333 0.455555555555667
0.4377946127945 0.166245791245833
0.677777777777833 0.3305555555555
0.457638888888875 0.235416666666625
0.563584183673429 0.05361394557825
0.464285714285743 0.154947916666643
0.47992424242425 0.389393939394
0.450840032982857 -0.0299783549782857
0.694444444444333 -0.104166666666667
0.355555555556 0.125
0.5 0.1640625
0.563888888888833 0.0444444444443333
0.6925 0.425
0.420147907648 0.12591991342
0.4631290584415 0.109719967532475
0.333333333333333 0.0125
0.731986531986667 0.0873737373736667
0.4291452991454 0.18121794871795
0.530210265924479 0.0948283858999286
0.545454545454375 0.412114553740625
0.508322811447833 0.239954229798058
0.433870523416 0.0959641873278545
0.703703703703667 0.693171296296333
0.514633510429 0.196210399449086
0.666742424242455 0.193484848484818
0.616919191919222 -0.151452020202
0.596824009324 -0.0282925407925385
0.5 -0.1875
0.552792710761469 0.0894747656856884
0.597222222222333 0.0930555555555
0.65 0.321875
0.595238095238143 0.155952380952429
0.530699054032444 0.168286435786556
0.398148148148 -0.125925925926
0.6087962962962 0.1873863636364
0.41407828282825 0.161410984848625
0.44987373737383 0.1778787878788
0.505555555555667 0.222222222222333
0.507402210884357 0.0299404761905
0.521527777777833 -0.138194444444438
0.324663299663333 -0.0604096520764
0.3466666666666 0.275
0.454545454545 0.136363636364
0.4632765151515 0.155378787878796
0.4375 0.128125
0.373668981481462 0.110011574074012
0.649206349206333 0.363095238095167
0.4261038961038 0.1874025974028
0.54166666666665 0.46666666666665
0.39583333333325 0.2625
0.875 0.4625
0.7083333333335 -0.3958333333335
0.454359925788429 0.107073283859143
0.591498316498167 -0.204356060606
0.418594104308286 0.151403061224429
0.42976190476175 0.14226190476175
0.6 0.1
0.568790468790438 0.134627525252554
0.3674242424245 0.1560606060605
0.5160714285715 0.0546202820617357
0.475000000000091 -0.0968750000000909
0.5070079365079 0.3354464285714
0.556937830687833 0.0828108465608333
0.670346320346286 0.166341991342
0.485374149659857 0.226700680272057
0.4 -0.1
0.6007575757575 0.331060606060667
0.188888888889 -0.00555555555555
0.4796875 0.20078125
0.538905723905667 0.168346485690267
0.5 -0.3
0.31597222222225 0.036111111111
0.6103333333333 0.28300000000003
0.49 0.0575
0.625650352733667 -0.0457826278659667
0.3753598484848 0.3614204545455
0.4935185185185 0.1680555555555
0.5066666666666 0.3
0.388544536271727 0.170793158861355
0.311111111111 0.03055555555555
0.5394805194804 0.3583441558442
0.39295574795582 0.235524290524293
0.546578421578362 0.170566933067
0.500378787878791 -0.155681818181818
0.36666666666675 -0.06354166666675
0.4375 0.1875
0.532520308909167 0.0341079445246222
0.48487373737375 0.234962121212125
0.472222222222333 -0.0194444444443333
0.392943322109889 0.205583613917
0.486363636363571 0.133766233766286
0.464069264069143 0.122077922078
0.531859410430857 0.013066893424
0.45972222222225 0.123611111111
0.417845117845167 0.0733164983165
0.467638888888892 0.109861111111142
0.477916784394046 0.0505642673824818
0.546753246753286 0.262121212121286
0.463257575757545 0.221496212121182
0.4616333333332 0.170125
0.644444444444333 0.048611111111
0.480555555555444 0.0284915123457111
0.5533333333334 0.2366666666666
0.7890625 0.0575260416666875
0.6504545454546 0.4920454545454
0.560227272727273 0.351136363636364
0.438888888889 -0.0833333333333333
0.55984848484825 0.247537878788
0.333333333333 0.3125
0.556759906759846 -0.0706876456875923
0.5 0.35
0.50625 0.109375
0.565016233766214 0.190268759018721
0.3166666666665 0.0625
0.420931537598222 0.0720819304152222
0.537950937950917 0.287635281385317
0.475 0.28125
0.715319865319778 -0.273795244107744
0.577083333333333 -0.188888888889
0.402829344568522 0.148020068699348
0.667582417582385 0.159981684981692
0.59395833333325 0.170625
0.342266414141333 0.0995896464646667
0.372937710437667 0.216835016834978
0.527777777777833 0.265277777777833
0.49666666666654 0.12999999999994
0.64 0.1766666666667
0.5180555555555 0.165625
0.3833333333334 0.31500000000006
0.598268398268286 0.460064935065
0.547025813692556 0.3437991021324
0.69375 0.1875
0.657886904761875 0.1831845238095
0.36944444444445 -0.0625
0.875 0.13636363636375
0.446590909091 -0.1289393939394
0.422727272727333 0.295707070707
0.478236914600454 0.0419536271808909
0.458410636982072 0.111842918985786
0.458673469387714 0.124829931972814
0.547991071428625 0.177752976190462
0.42744505494505 0.20645021645033
0.342424242424167 0.285227272727333
0.6308333333334 -0.1208333333334
0.609629629629744 -0.202098765432111
0.4677777777778 -0.1411111111112
0.7375 0.65
0.60972222222225 0.41875
0.608974358974 0.266666666667
0.498038073038154 0.0814199689199308
0.582381854256875 0.086038961039025
0.631313131313 0.28244949494955
0.522727272727143 0.158441558441714
0.5454545454546 0.090303030303
0.527937727865232 0.112027386529219
0.6109375 0.3521875
0.536363636363667 0.0502904040404467
0.464351851851917 0.218995949074075
0.888888888889 -0.4
0.34583333333345 0.25625
0.75 0.46875
0.533333333333333 0.53125
0.516214088941364 0.211150752656464
0.55 0.13
0.462460127591758 -0.0678628389154737
0.5 0.5
0.396996753246712 0.423965097402625
0.596926406926286 0.252316017316
0.5833333333335 0.0416666666665
0.677272727273 -0.231818181818
0.404865319865293 0.0994781144780867
0.503565416065389 0.1364350348725
0.277777777777633 0.214814814814778
0.445833333333338 0.27395833333325
0.634166666666625 0.438541666666625
0.474214548078182 0.0647255837596655
0.677777777777667 0.266666666666667
0.5693783068784 0.05428571428578
0.5635656565656 0.111025252525251
0.683333333333333 -0.05
0.3 0.1
0.4372222222223 0.04611111111107
0.2916666666665 0.1875
0.572255522255515 0.00155885780892307
0.6266233766232 0.4222727272728
0.55 0.2015625
0.484126984127 -0.0805555555555557
0.527697285353438 0.246093947285375
0.42083333333325 0.56041666666675
0.664393939393909 0.203873966942182
0.550810185185083 0.17442129629625
0.460642135642143 0.211525974025971
0.762345679012333 0.313888888888889
0.458928571428571 0.180357142857143
0.552200577200444 0.136604136604222
0.479166666666667 -0.025
0.546062271062308 0.265384615384615
0.23333333333335 -0.1333333333335
0.637414141414333 0.168646464646333
0.475757575757667 0.272727272727333
0.522217765894235 0.152856506238888
0.435016187516183 0.0963403263403167
0.35684343434334 0.1221780303032
0.663095238095167 0.265476190476167
0.646428571428571 0.257142857142857
0.451183712121125 0.175094696969625
0.6458333333335 -0.09375
0.696296296296333 0.2
0.5 0.5
0.551851851851889 0.252777777777778
0.522916666666625 0.128503787878875
0.4 0.3
0.610303030303 0.112196969697
0.584629574970455 0.1788899547423
0.575570436507875 0.218229166666625
0.424242424242333 0.143939393939483
0.435 -0.11041666666666
0.544270833333375 -0.0421875
0.4958044733045 -0.069627525252575
0.430303030303 0.025946969697
0.248148148148 0.2666666666665
0.426521164021111 0.240301827801789
0.558333333333333 0.277083333333333
0.571874999999875 0.278125
0.396849446849556 0.153499278499233
0.468181818181667 0.162121212121333
0.520795177045154 0.218269230769231
0.782498797498734 0.377516421657067
0.415864197530889 -0.0270061728395556
0.632988980716182 0.149707300275518
0.476957070707 0.2406565656565
0.57333333333334 0.2772727272728
0.4136363636365 0.009090909091
0.65 0.5
0.294444444444333 0.0944444444443334
0.38232323232325 0.257196969697
0.5272727272725 0.03484848484865
0.561111111111 0.0100694444444778
0.541393976393967 0.159229659229689
0.524116161615975 0.101672979798167
0.516005291005222 0.0796626984126667
0.657424242424 0.4410606060605
0.491414141414 0.2868686868688
0.619444444444333 0.397222222222333
0.4975714285714 0.069389610389628
0.6 -0.105
0.325 0.025
0.490476190476143 0.0166666666667143
0.469696969696667 0.136363636364
0.439506172839417 0.101929012345583
0.617129629629667 -0.0203703703704444
0.641103896103928 0.387873376623429
0.571688034188 0.0898504273504308
0.575 0.675
0.55 -0.308333333333333
0.611805555555587 0.134375
0.542960164835125 -0.0361378205127875
0.5166666666666 -0.01604166666667
0.290416666666625 0.15
0.191666666666667 -0.108333333333333
0.585784030784 0.131563852813836
0.95 0.75
0.486904761904857 0.21309523809519
0.425649350649333 0.202152477152444
0.666666666666667 -0.611111111111
0.425 -0.13125
0.446969696969587 0.132528409091
0.538888888889 0.116666666666667
0.699206349206333 0.229662698412667
0.455344104308343 0.133008503401371
0.359090909091 0.1449494949496
0.5 0.5
0.4987878787878 0.05321969696973
0.62083333333325 0.164583333333425
0.558880471380333 0.214330808080833
0.7868055555555 0.3296875
0.45356060606067 0.0314015151515
0.345833333333425 0.03125
0.69375 0.2742424242425
0.4225694444445 0.0958333333333375
0.6759259259258 0.2008333333334
0.50744047619044 0.035625
0.40416666666675 0.16354166666675
0.36981292517 0.155676020408143
0.48667929292925 0.238077200577125
0.635497835497833 -0.00102362914861667
0.664285714285714 -0.1625
0.325904452690167 0.139576891362667
0.621818181818 0.3545454545456
0.435069444444429 0.07817460317455
0.640740740740667 -0.117592592592667
0.496818181818125 0.1692329545455
0.500896722325286 0.124520717377857
0.6388888888888 0.31
0.625 0.25416666666675
0.607486631016059 0.254991087344029
0.678958333333375 0.0564583333333375
0.621759259259222 0.380555555555556
0.569886363636313 0.115340909090937
0.6675 0.1225
0.473665674603231 0.0456845238094812
0.549077441077467 0.33068181818182
0.541666666666642 0.174305555555583
0.50833333333335 -0.25
0.438403880070444 -0.0103615520282
0.592567340067389 0.0562079124579556
0.376190476190429 0.0470238095238571
0.42 -0.05
0.6033333333334 0.23666666666666
0.610651974288273 0.109492653810813
0.623709623709615 0.149567099567102
0.68184523809525 0.12351190476175
0.594642857142857 0.00535714285714285
0.415882034632071 0.0621753246753357
0.3 0.25
0.416772486772522 0.0912301587301556
0.691666666666667 0.289393939394
0.411818181818 0.1545454545456
0.5381944444445 0.2961805555555
0.394240878169429 0.1397546897547
1 0
0.1 -0.1
0.456633644133616 0.0678127428127692
0.5659848484849 0.0328787878788
0.66625 0.05
0.668506493506429 0.181980519480571
0.7 0.1625
0.510236291486125 0.07900207431465
0.7603174603175 0.343650793650833
0.675 0.1375
0.5733585858585 0.2285353535355
0.779870129870125 -0.066842532467525
1 0.5
0.5272727272725 -0.081818181818
0.37592592592595 -0.000925925926000002
0.575741578682706 0.0546490519284706
0.6 -0.25
0.478385674931182 0.095489439853
0.675 0.6
0.5916666666667 0.27875000000003
0.4794444444444 0.1582936507936
0.696938775510143 0.0832482993197143
0.3666666666665 -0.075
0.537066197691142 0.106130275974058
0.55208333333325 -0.11979166666675
0.4990277777778 0.10041666666661
0.56863275613275 0.446805104617583
0.5817140151515 -0.080636837121125
0.5363492063492 0.2160714285714
0.42708333333325 0.19166666666675
0.515864197530778 -0.110308641975333
0.336553030303 0.0507575757575
0.6 -0.2
0.554617604617667 0.210155122655067
0.4058333333333 0.3233333333333
0.657129629629583 0.276874999999942
0.6229850589225 -0.0516466750841583
0.463097319347335 0.25793560606065
0.699001924001778 0.430441317941333
0.44285714285725 0.11428571428575
0.553998316498225 0.041245791245825
0.233333333333333 0.466666666666667
0.569297542734937 0.197179487179456
0.467708333333333 0.185416666666667
0.6068777056277 0.1560633116884
0.420656565656546 0.125886994949464
0.473148148148111 0.201574074074111
0.3775757575756 0.0972727272728
0.636596119929444 0.149581128747789
0.592857142857 0.2694444444445
0.6 0.45
0.386054421768714 0.242970521541886
0.41875 -0.05625
0.3956755050505 -0.0257417929292917
0.197222222222 -0.1638888888889
0.75 0.5
0.617179260133727 0.215881050767455
0.6911111111112 0.1472222222222
0.37641723356 0.256037414965914
0.495221445221461 0.261130536130592
0.65 0.245
0.2333333333335 0.10833333333335
0.42678571428575 0.0625
0.733333333333333 0.275
0.4916666666665 0.0507575757575
0.62576839826835 0.093721590909155
0.45 0.35
0.0666666666667 0
0.505502344877357 0.0552389971140143
0.434848484848333 0.162121212121333
0.499857549857567 0.127777777777778
0.60625 0.117171717171833
0.631666666666667 -0.124722222222167
0.47573051948025 0.29914772727281
0.5984848484845 0.18371212121225
0.638 -0.1746666666668
0.261904761905 -0.130357142857
0.5141666666667 -0.00458333333332999
0.477777777777667 0.111111111111
0.546969696969667 0.188257575757633
0.407709750566857 0.301360544217714
0.2333333333335 -0.00625
0.6363636363635 -0.0890909090908
0.433333333333333 0.166666666666667
0.547023809523714 0.181101190476143
0.463095238095286 -0.0416666666666714
0.560416666666625 0.23125
0.456996434937588 0.0454322638146265
0.6575 0.1428571428572
0.3481240981239 0.0635642135642857
0.70240384615375 -0.272115384615375
0.3677777777778 -0.0311111111112
0.528911564625757 0.236054421768714
0.541801128164727 0.00816607634795456
0.503454184704 0.129022366522275
0.718560606060556 0.183207070707111
0.4875757575756 0.1335227272728
0.590773809523833 0.3521825396825
0.414043209876556 0.00679012345681111
0.403392857142875 0.075744047619125
0.390277777777667 0.0847222222223333
0.4413888888888 0.0383333333334
0.5772222222222 0.3083333333334
0.473547979797925 0.0238005050506
0.6 -0.1
0.409090909091 0.206060606060667
0.317965367965186 0.169913419913571
0.389256198347091 -0.0192148760330182
0.46363636363625 -0.103409090909
0.2888888888889 0.202777777777777
0.461038961039 0.214204545454543
0.4 -0.003125
0.416666666666667 0.122916666666667
0.566798941798933 0.205564373897684
0.542708333333375 0.335416666666712
0.443939393939167 0.104545454545633
0.725 0.2715909090909
0.9 0.6
0.264814814815 -0.05092592592595
0.7771428571428 0.1538095238094
0.506349206349286 0.130158730158771
0.417676767676727 -0.0161616161615818
0.492649281935 0.0838529856387143
0.508333333333333 0.34375
0.47946428571425 -0.02678571428575
0.62276785714275 0.11875
0.645247933884364 0.183393595041364
0.533982683982572 0.0545995670996429
0.487959242724848 0.123083664021119
0.536979166666625 0.14700520833325
0.6492424242425 0.396022727272725
1 0.85
0.320959595959629 -0.0296115921115286
0.479509379509333 -0.0349567099566667
0.482748270248222 0.222710622710554
0.5966450216449 -0.00142316017312
0.5381818181818 0.1387878787879
0.4875 0.06875
0.541244107744067 0.1377028619528
0.566666666666714 0.185714285714286
0.656172839506111 0.0922839506173333
0.759764309764222 0.176262626262667
0.5 0.5
0.35 0.07678571428575
0.450946969697 0.0712121212121
0.807792207792143 0.405194805194857
0.4147727272725 0.005681818182
0.58690476190473 0.3051488095238
0.516666666666667 0
0.428141397743636 0.135877033320207
0.6419047619046 0.1411904761904
0.375909090909 0.1106060606062
0.552777777777783 0.376388888888833
0.356721435130518 0.0472058244785818
0.416666666666714 0.0869047619047143
0.60625 -0.01041666666675
0.407539682539667 0.21468253968255
0.559090909090833 0.168560606060667
0.66555397727275 0.077556818181875
0.5328230218855 0.160679056186875
0.2 0.2
0.638 0.2611071428572
0.4673611111111 0.0144097222222
0.477272727273 0.318181818182
0.483405830280685 0.182778280747055
0.51167929292925 0.053570864899
0.600649350649286 0.0984983766234286
0.490909090909125 0.254356060606125
0.516666666666667 0.167838541666667
0.432617845117909 0.103051346801364
0.6 -0.2
0.370303030303 0.04075757575764
0.573928571428625 0.134107142857125
0.592424242424167 0.560227272727333
0.779971590909125 0.315065696022725
0.496428571428571 0.377976190476243
0.45833333333325 0.104166666666675
0.24583333333325 0.025
0.588888888889 0.063888888889
0.254562937063 0.0724009324009462
0.875 0.4
0.477777777778 0.0444444444444
0.471942039442 0.151402717652707
0.38113095238093 0.14113095238093
0.558482142857125 0.203404017857125
0.7 0.275
0.54166666666675 0.12083333333325
0.4954545454545 0.2982954545455
0.583333333333333 0.4
0.550252525252556 0.200631313131333
0.468197278911429 0.148129251700629
0.50625 0.27329545454545
0.605092592592556 0.295652958153
0.338888888888833 0.075
0.467460317460233 0.0896825396824333
0.4916666666665 -0.0583333333335
0.5625 0.2375
0.505341880341846 0.229273504273462
0.645 0.2675
0.55 -0.309375
0.3994047619046 0.0458333333334
0.527875816993453 0.0873436041083353
0.429166666666575 0.029166666666675
0.560984848485 0.2503787878787
0.3 0.3583333333335
0.44241666666675 0.08333333333325
0.51614583333325 0.190625000000038
0.43333333333325 -0.165940656565625
0.66 0.05
0.397685185185 0.05777116402115
0.537244897959143 0.0141581632652857
1 0.8
0.576767676767667 0.252746212121167
0.6541666666665 0.2208333333335
0.4166666666665 0.025
0.2833333333335 -0.1
0.436564625850286 0.24795918367345
0.651543209876556 0.145370370370367
0.580716253443455 0.346272382920182
0.345995670995667 0.0584415584416
0.525105218855125 0.151515151515287
0.4280964405964 0.08798581048587
0.51111111111095 -0.114583333333333
0.378932178932 0.120544733044667
0.610930735930714 0.024053030303
0.892424242424333 0.639393939394
0.540079365079429 -0.0371031746032
0.3166666666665 0.175
0.405018939393875 0.164985795454625
0.652314814814778 0.245833333333284
0.46 0.28
0.55857323232325 0.189578598484925
0.7663194444445 -0.00647095959589166
0.51999999999997 0.24181818181818
0.552782931354357 0.0690449134199286
0.575 0.2375
0.465581501831462 0.123006993007038
0.225 0.05
0.441414141414125 0.12250631313135
0.3833333333335 -0.1583333333335
0.633333333333333 0.266666666666667
0.8333333333335 -0.1166666666665
0.604410052910028 0.157474206349193
0.483333333333333 0.0333333333333333
0.5351475468975 -0.0170418470419
0.2 0.209090909090909
0.552040816326571 0.261337868480837
0.603138528138571 -0.0277489177488571
0.361111111111167 0.0777777777777833
0.555555555555667 0.25
0.508757966570375 0.2798727603415
0.489583333333375 0.31875
0.702561327561214 0.107742604617643
0.24407407407425 0.01625
0.380270655270667 0.00153133903133333
0.359294871794877 -0.0285256410256923
0.3842424242424 0.09393939393948
0.616666666666667 0.3930555555555
0.757352941176471 0.140686274509824
0.55 -0.25
0.464583333333338 0.085416666666625
0.622222222222333 0.1888888888889
0.671717171717111 0.294339225589333
0.603333333333333 -0.060340909091
0.3882275132276 -0.0907671957672
0 0.3
0.63522727272725 0.181818181818225
0.649074074074167 0.507754629629683
0.705 0.0716666666667
0.55 0.25
0.1 -0.2
0.484291781450818 0.374974532254364
0.483221243042643 0.120028731189423
0.450811217767696 -0.0143211619299483
0.575 -0.05
0.53204545454543 -0.167803030303
0.484753086419833 -0.103117283950608
0.404810405643833 0.15646825396825
0.702380952381 -0.2000000000001
0.545486111111125 0.189441287878838
0.50416666666675 0.30833333333325
0.622222222222333 0.413888888889
0.5998376623376 -0.10737012987
0.51014880952375 0.192232142857125
0.405851382414 0.116182659932663
0.620328282828308 -0.00681818181816666
0.7647186147184 0.06774891774894
0.405020661157091 0.0853925619835091
0.4875 0.39375
0.523097140954286 -0.0647649969078572
0.515696884814412 0.157968869366
0.779629629629667 0.441666666666667
0.582207892416267 0.0484424603174667
0.2636363636365 0.1590909090909
0.556818181818125 0.2732954545455
0.663992869875176 0.382531194295924
0.554356060606 0.16458333333335
0.359722222222286 -0.0125000000000714
0.473945279866316 -0.0480158730159
0.85 0.475
1 -0.5
0.415320512820538 0.232377622377692
0.440277777777833 0.056186868687
0.653911564625857 -0.224489795918429
0.4846581196582 0.203554778554852
0.733333333333 0.433333333333
0.4871212121212 0.0890530303030867
0.533858748778087 0.203037634408639
0.584027777777833 0.328472222222167
0.633417508417556 0.311784511784444
0.575132275132222 0.0486772486772222
0.25 0
0.604166666666625 0.054166666666625
0.654971590909063 0.0955018939394375
0.733333333333333 -0.275
0.640909090909091 0.437121212121182
0.633333333333333 0.177777777777767
0.45795454545451 0.0866919191919433
0.625 -0.125
0.4731439393938 0.08140151515158
0.363327228327131 0.1334768009768
0.2333333333334 0.09
0.600595238095143 0.445833333333429
0.403571428571429 0.45
0.4782683982684 0.118883477633453
0.6133333333334 0.1930303030304
0.5025925925926 0.2700462962963
0.45369047619047 -0.0231547619047
0.740740740740667 0.0555555555556667
0.583380681818125 0.1826704545455
0.360558712121125 0.0276988636363625
0.7389814814815 0.345
0.6772727272725 0.518181818182
0.5 0.625
0.641514041513977 -0.0751621642247154
0.6248015873015 0.302777777777833
0.397936507936389 0.182936507936506
0.618576388888875 0.10265625
0.4166666666665 0.25
0.502335858585889 0.062661335578
0.58476596320345 0.14560876623375
0.688095238095286 0.0726190476190428
0.40543831168825 0.09990530303025
1 0.170833333333333
0.4 -0.035
0.64464285714275 0.1613095238095
0.3521212121212 0.1670454545454
0.611248797498733 0.02941498316498
0.6875 -0.3625
0.4652976190476 0.32068452380949
0.88125 -0.5
0.477976190476167 0.271726190476167
0.2 0.65
0.539549512986937 0.174755140692742
0.615079365079386 0.1452380952381
0.58125 0.223697916666625
0.483359569723246 0.1799717958809
0.421351851851867 -0.00603703703708
0.483333333333333 0.225
0.704761904762 -0.11601587301584
0.49375 0.2375
1 0.166666666666667
0.414378306878267 -0.0417989417989733
0.699242424242364 0.171590909090909
0.40763888888875 -0.225
0.380555555555567 0.025
0.4341666666667 0.1716666666667
0.490079365079429 0.0777777777777143
0.1 0.3
0.511111111111 0.2263888888889
0.46 0.06
0.506845238095222 -0.0371362433863222
0.534690170940231 0.105282356532412
0.527609427609333 0.379208754208778
0.4653072390572 0.09116161616166
0.609821428571375 0.321875
0.461507936508 -0.1353174603174
0.713265306122429 0.00612244897958572
0.5048295454545 0.091240530303
0.608333333333333 0.2
0.4725070646945 0.195898531445425
0.299206349206283 0.156150793650667
0.514600954601 0.2124730824731
0.58103084415575 -0.10779491341975
0.583333333333333 0.0166666666666667
0.288888888889 -0.155555555556
0.65 0.375
0.62954545454525 0.30407196969705
0.423697916666713 -0.076510416666625
0.536666666666625 0.160833333333413
0.470770202020333 0.0939393939393334
0.463818181818 0.2223863636364
0.6 -0.3
0.4475757575756 0.2472727272728
0.5666666666665 -0.2833333333335
0.555039682539643 0.190535714285736
0.559435743994588 0.179509644767
0.467063492063667 0.006391723356
0.592376543209889 -0.0273765432099222
0.351515151515 -0.021212121212
0.59 0.2
0.564814814814667 0.162345679012333
0.320138888889 -0.0340277777778333
0.387037037037 0.288888888889
0.389962121212 0.105808080808067
0.4 -0.4
0.481969696969667 0.20631313131318
0.435617539026627 0.210129706152471
0.7 0.4
0.575589225589 0.249621212121333
0.4220238095238 0.16027901785711
0.4997643849205 -0.0181051587302375
0.502380952380875 0.07790178571425
0.316666666666667 0.133333333333333
0.489505582137158 0.268588516746368
0.4 0
0.633333333333333 0.266666666666667
0.583592796092846 0.150198412698469
0.450588578088538 0.107097962801154
0.507371794871692 0.0926282051282308
0.4569444444445 0.086316287878875
0.3684469696969 0.228895202020267
0.580952380952429 0.434226190476286
0.600426887926792 0.169174633237179
0.523430735930727 -0.0208874458874818
0.9 0.1
0.53555871212125 0.261553030303025
0.453968253968286 0.0882936507935714
0.3904444444445 -0.03726010101014
0.5560416666667 0.3970833333333
0.52291666666675 0.28541666666675
0.6325 0.1690625
0.4852380952381 -0.03880952380956
0.475462962963 -0.0111111111111111
0.592361111111083 0.2164930555555
0.457359307359286 -0.156655844155857
0.733333333333333 -0.0666666666666667
0.533928571428571 0.352380952380928
0.6 0.5
0.7308333333334 -0.07333333333334
0.414902998236222 0.138701499118144
0.54 0.16
0.3948106060607 0.12959595959598
0.7 -0.0890625
0.229166666666667 0.0270833333333333
0.610454545454636 0.169318181818182
0.5314814814815 0.0986111111111166
0.550757575757545 0.123484848484818
0.45 0.16640625
0.4203703703705 0.0195601851851667
0.35 0.2
0.498148148148111 0.137037037037
0.647619047619 -0.0232142857143334
0.475505050505 0.0484848484848889
0.665228174603188 0.443722943722956
0.611570537305765 0.254574102368235
0.7033333333334 0.0183333333334
0.5687878787878 0.0567613636364
0.454457070707113 0.0496843434343333
0.574579124579111 0.104145622895667
0.4772727272725 0.218181818182
0.680039682539667 0.328400072150083
0.5625 0.4
0.454898989899 -0.15573232323234
0.626978114477917 0.153409090909267
0.543624338624333 0.206160714285714
0.476672979798 0.194128787878813
0.40458333333334 0.06500000000006
0.651600185528714 0.0786178107607143
0.536111111111 0.333333333333333
0.625002705627625 0.10088474025975
0.7336186868687 0.1532702414773
0.580303030302925 0.134090909091
0.875 -0.2
0.377413419913364 0.163223755411245
0.492708333333337 0.184375
0.47 0.105
0.569047619047429 0.260119047619043
0.539583333333338 0.0732954545455
0.4166666666667 -0.015
0.49499999999997 -0.02402777777773
0.430616883116857 0.0617803030302571
0.556114996114938 0.255955225330237
0.6 0.25
0.628571428571429 0.280952380952429
0.698769841269833 0.338472222222167
0.494696969696973 -0.197727272727273
0.7625 0.1984375
0.4791666666665 0.2395833333335
0.1 -0.025
0.425793650793667 0.244497354497367
0.816666666666667 -0.483333333333333
0.464191919191882 0.0322956841138636
0.652318514818539 -0.128704628704615
0.95 -0.9
0.590792011019273 0.212964876033091
0.3666666666666 0.2666666666666
0.4464141414141 0.135063131313204
0.434580176767583 0.140935395622858
0.625 0
0.696786916786889 0.249797979798022
0.577341597796 -0.0286730945821818
0.877777777777667 0.161111111111
0.773232323232313 0.344365530303062
0.496572871572818 0.0541035353535455
0.494841269841333 0.1920634920635
0.475 0.29375
0.325252525252233 0.143939393939667
0.548484848484714 0.304053368506429
0.6083333333332 -0.1558333333334
0.5032575757575 0.160909090909167
0.540331890332 -0.108363395863333
0.445276123053852 -0.0604302461941556
0.5035714285715 0.175
0.6602083333333 0.104375
0.488888888889 -0.5
0.424905731523429 0.0802121897710117
0.5217948717949 0.143589743589715
0.559567901234611 -0.192824074074056
0.612062937062923 0.298018648018677
0.426948051948 0.05373376623385
0.7116666666666 0.12
0.67247428604986 0.388626083394023
0.57878787878775 0.047348484848625
0.502734487734343 0.21010551948056
0.38888888888895 0.1875
0.507142857142857 0.214285714285714
0.816666666666667 0.202083333333333
0.671617145480727 0.246773743932809
0.5790476190476 0.2982142857142
0.6176666666666 0.35066666666674
0.448794063079857 0.0685837971552
0.3 0.25
0.310606060606 0.168560606061
0.586196581196615 0.0321082621082616
0.491958041958 0.002972027972
0.547172619047625 0.106547619047587
0.344687257187208 0.0486305361305308
0.485589284452955 0.230096418732786
0.7625 0.3625
0.4444444444445 -0.1111111111111
0.4113095238095 0.11964285714275
0.3940259740259 0.18054112554113
0.608842592592667 0.0961111111111334
0.449040731995182 0.212160566706091
0.872222222222333 0.208333333333333
0.511481481481333 0.190833333333333
0.645205817574211 0.0144660894660526
0.49 -0.065
0.433333333333 -0.266666666667
0.642857142857 0.0833333333333333
0.406666666666667 0.126666666666667
0.340520590520539 0.119677544677477
0.567800453514714 0.230839002267571
0.5275 0.2189285714286
0.458333333333333 0.0611111111112333
0.4362987012987 0.3103896103896
1 0.1875
0.3 -0.625
0.611363636363667 0.454797979798
0.429629629629667 0.0814814814813333
0.591666666666667 0.25
0.576597222222167 0.295183080808108
0.776190476190333 0.394444444444667
0.4 -0.1
0.476398909732333 0.119888367805
0.8 -0.2
0.56875 -0.02222222222225
0.777777777777667 0.305555555555667
0.645454545454546 -0.151984126984118
0.37251578282825 -0.0128945707070583
0.656610334110308 0.173911227661231
0.34999999999994 0.1933333333334
0.35113636363625 -0.003409090909
0.392099567099545 0.0408820346320636
0.783333333333333 0.558333333333333
0.466666666666667 0.272222222222233
0.555229591836714 -0.0452806122449286
0.542857142857 0.2458333333335
0.302777777778 0.186111111111
0.472373737373818 0.304393939393909
0.5944444444445 0.16944444444445
0.366579685746411 0.155909090909144
0.49027777777775 0.225694444444417
0.55808080808075 0.30339330808095
0.783333333333333 0.266666666666667
0.71 0.175
0.476626984127 0.0715319113757222
0.514743589743538 -0.160256410256462
0.583333333333333 0.0333333333333333
0.509764309764222 0.165151515151556
0.7272727272725 0.568181818182
0.459163752913692 0.133085664335692
0.273502886002909 0.191835016835018
0.3375 -0.07916666666665
0.41785714285725 -0.114880952381
0.647222222222 -0.2513888888889
0.5533333333332 0.13
0.372083333333375 0.174583333333375
0.655303030303 -0.0943181818181818
0.2598484848485 0.156565656565667
0.3 0.25
0.7533333333334 -0.0866666666666
1 0
0.49375 -0.10625
0.6231096681097 0.2966233766234
0.670748299319571 0.3185470779221
0.601466049382745 0.0854552469135944
0.775 0.25
0.574963390518926 0.291720879429263
0.370469576719583 0.044890873015875
0.625505050505 0.334595959596
0.4475 0.2275
0.394324194324206 -0.0968780062529444
0.7074675324675 -0.0377597402597
0.4757575757575 0.110822510822479
0.626464646464556 0.0678251262626556
0.769380024737143 0.391349721706857
0.708333333333333 0.125
0.534207459207385 0.107051282051308
0.3125 0.0125
0.3142857142855 0.157142857143
0.18333333333335 -0.15
0.48125 -0.141666666666667
0.609313725490176 0.305642361111118
0.560897435897462 0.0683275058276154
0.438454861111169 0.060416666666675
0.662031024531 0.260517161410071
0.404319444444335 -0.02195833333338
0.465197792403653 0.201927361853824
0.496428571428528 0.0880952380952857
0.288461538461615 0.0634615384614615
0.56363636363625 0.340340909091
0.445833333333217 0.1413194444445
0.336868686868667 0.0671717171716667
0.564502164502071 0.260714285714357
0.71666666666675 0.55520833333325
0.57363636363625 0.149090909091
0.6305555555555 0.139236111111167
0.5507653061225 0.08949404761905
0.2125 0.4625
0.5530971479501 -0.139438502673775
0.593253968254 -0.0468253968254
0.472619047619 0.280952380952333
0.375 0.25
0.622619047619 0.13956349206356
0.3166666666665 0.625
0.41501623376625 0.175635822510775
0.646428571428571 0.441071428571429
0.578406084656212 -0.00892857142857501
0.514521299956044 0.13216952130001
0.44051996151989 0.161753607503587
0.6375 0.3625
0.0666666666667 0
0.433333333333 -0.166666666667
0.4792424242422 0.1682575757576
0.472048611111125 0.119270833333375
0.565340909090833 0.045643939394
0.475 0
0.465432098765444 0.000771604938222225
0.480944055944077 0.0355332167832154
0.566809722844172 0.145628700801103
0.375 0.375
0.5408333333333 -0.0197916666667
0.324999999999917 0.0752976190475834
0.509475673898769 0.231322843822869
0.548691308691308 -0.00731268731270769
0.583463949843241 0.311093695576462
0.7526767676768 0.23446969696974
0.435501700680214 0.0357993197279357
0.555555555555667 -0.326388888889
0.682638888888833 -0.0930555555555834
0.463440285204941 0.209066399287
0.7486868686868 -0.0193939393938
0.1 0
0.50833333333325 0.154166666666625
0.5457058682058 -0.0917081529580934
0.565572390572278 0.203456439394
0.4241587301588 0.1090476190476
0.513725490196018 0.184558823529412
0.286111111111 0.04166666666665
0.580016225604471 -0.124437817084824
0.9 0.3
0.43864672364672 0.099373607873608
0.488095238095143 0.0309523809522857
0.451818181818 0.2345454545456
0.403995310245357 0.0827986497629
0.611683006535941 0.384814133986982
0.625 0.29375
0.545833333333394 -0.0736111111111176
0.65178571428575 0.025
0.70625 0.16875
0.755 0.2
0.682024793388455 0.363016528925636
0.49375 0.03125
0.622435897435923 0.139102564102562
0.25 -0.25
0.59566089466088 0.350660894660932
0.466443381180211 0.198883572567774
0.412433862433856 0.00317460317460001
0.65 0.35
0.483838383838333 0.298484848484767
0.589393939393857 0.361580086580143
0.723476831810167 0.108216089466072
0.724679487179461 0.260496794871769
0.442438271604889 0.138811728395056
0.459788359788167 0.271527777777783
0.9 -0.5
0.542527056277 0.02703192640695
0.620805555555665 0.05279166666665
0.349182946683 0.00825905575909999
0.4 -0.15
0.680102040816336 0.122602040816379
0.415384615384615 0.241025641025615
0.266666666666575 0.26041666666675
0.548412698412714 0.183703102453
0.305555555555667 0.0972222222223333
0.678787878787882 0.244318181818182
0.4027666666666 0.11873333333334
0.381 -0.0435
0.801785714285714 -0.206398809523786
0.63301282051282 0.0595085470085557
0.670634920635 -0.0626984126984
0.7639204545455 0.335321969697
0.549801587301429 0.0355158730158286
0.4648106060605 0.105359848484913
0.241666666666667 0.230555555555557
0.506931818181812 0.220350378787856
0.5078272005771 0.066228715728735
0.24616402116395 -0.00806878306883334
0.666666666666667 0.15
0.5828905597327 0.269597953216389
0.542424242424273 0.462878787878818
0.56666666666675 0.130587121212125
0.475 0.33125
0.488537037037023 -0.00964814814811334
0.489030910609842 0.0686497493734737
0.4316666666667 -0.01416666666663
0.499523809523714 0.178928571428571
0.618333333333333 -0.348333333333333
0.52876322751315 0.0773319003527333
0.5179545454545 -0.0276136363636
0.581679035250429 0.249265615337143
0.568026180169029 0.0876958359101142
0.667502088554789 0.250808365611026
0.672222222222 0.3875
0.51 -0.105
0.531722085385828 0.0824558702791276
0.504166666666667 0.299074074074
0.45 0.0875
0.85 0.0125
0.693125 0.239356060606
0.638257575757545 0.0412878787879091
0.525 -0.3
0.622778456111833 0.286245082078389
0.308333333333286 0.161904761904757
0.464583333333333 0.153472222222167
0.589252232142844 0.301267981150787
0.6 0
0.58933730158725 -0.00183531746033333
0.5 0
0.566550116550077 0.223426573426592
0.56911904761904 0.0954523809524
0.55 0.2352272727275
0.358682058682033 0.0336099086099048
0.5509848484848 0.1387121212122
1 0
0.703425925925933 -0.193703703703733
0.783333333333333 0.3125
0.567365835223 0.147619047619062
0.5253472222222 0.1790277777777
0.6772727272725 0.6664595170455
0.533931622775375 0.0935690536315675
0.665079365079286 0.387400793650857
0.742424242424333 0.456060606060667
0.393749999999963 -0.084270833333375
0.659027777777833 -0.0152777777778333
0.752777777777833 -0.147222222222217
0.539393939394 0.226262626262667
0.641450216450143 0.294696969696971
0.85 0.22
0.45428915081334 -0.0233081291468366
0.449545454545454 0.392045454545455
0.505989057239042 0.234040930134667
0.2772727272725 0.068181818182
0.581712962963 0.138888888888944
0.59791666666675 0.19375
0.551562499999937 0.114236111111081
0.38279532967025 0.120054945054925
0.627295143745132 0.248505555555548
0.48331174997837 0.0832318915651852
0.5125 -0.4625
0.506539619234969 0.11466027462125
0.595606774178143 0.331704010275471
0.556201298701375 0.160160984848425
