1 0
0.55 -0.125
0.4208333333335 0.5041666666665
1 0.666666666666667
0.79375 0.05
0.228409090908925 0.162168560605975
0.7583333333335 0.054166666667
0.3416666666665 -0.1
0.5866666666668 0.3016666666666
0.74 -0.03
0.291666666667 0.125
0.675 -0.225
0.575757575757667 0.106060606060667
0.691666666666667 0.25
0.401758658008625 0.24219426406925
1 0.85
0.42 0.1
0.487472943722875 0.165185335497875
0.467857142857143 0.235714285714286
0.77 0.13
0.513888888889 -0.2649305555555
0.5520833333335 0.2604166666665
0.47916666666675 0.08489583333325
0.1625 0.1
0.505303030303 -0.09507575757575
0.28809523809525 0.29583333333325
0.3772727272725 -0.081818181818
0.408333333333283 0.188888888888883
0.485416666666675 -0.04375
0.6 0.406060606060667
0.4960606060606 0.1451515151516
0.6291666666665 0.3104166666665
1 0.8
0.7636363636365 0.459090909091
0.514962121212 0.07803030303025
0.580555555555667 0.308333333333333
0.27708333333325 0.002083333333325
0.390850468975429 0.375865800865706
0.4625 -0.25
0.65 0.5
0.6 0.45
0.358085317460375 0.093725198412625
0.59464285714275 0.2910714285715
0.37777777777775 -0.21388888888889
0.6 0.21875
0.319047619047571 0.157142857142857
0.50625 0.23125
0.416666666667 0.125
0.56706349206345 0.214285714285667
0.516666666666675 0.595833333333325
0.519230769230775 0.06875
0.6666666666665 0.375
0.625 0.0979166666666667
0.545833333333333 -0.104166666666667
0.4480654761905 0.205357142857
0.19999999999985 0.125
0.4875 0.18125
0.925 0.3
0.483333333333333 0.145833333333333
0.666666666666667 0.425595238095333
0.327777777777667 0.122222222222233
0.33625 0.02875
0.621212121212 -0.0407196969696667
0.5345833333335 0.12770833333325
0.4772727272725 0.268181818182
0.690101010101 0.265315656565667
0.566829004329 0.245941558441667
0.4750757575756 0.214090909091
0.288888888889 -0.155555555556
0.214285714286 -0.0714285714286
0.64 0.205
0.455086580086629 0.210389610389571
0.4271212121212 0.0636363636364
0.5554545454546 0.20863636363636
0.2833333333334 -0.0053333333334
0.644872334455556 0.220089786756444
0.551644219977556 0.153277216610589
0.4 0.35
0.383333333333333 0.2375
0.775 0.3
0.4 0.1
0.453102453102333 0.268668831169
0.340176366843 0.02483024691355
0.616017316017286 0.228192640692571
0.2458333333335 0.04583333333335
0.574625850340143 0.101428571428571
0.434055944056 0.07090909090916
0.349814814814667 -0.2338552188551
0.619886363636 -0.165909090909
0.5 0.25
0.535714285714 0.285714285714
0.6633333333334 0.0466666666666
0.458387445887386 0.123051948052
0.7342592592592 0.0716666666666
0.522222222222333 -0.0222222222223333
0.45 0.4
0.601686507936429 0.3625
0.600649350649286 0.0373376623377143
0.2125 -0.15
0.32417582417605 0.1785714285715
0.785714285714 -0.321428571429
0.59166666666675 0.14895833333325
0.5333333333335 0.27083333333335
0.50787037037045 0.124305555555612
0.591349206349333 0.348968253968333
0.509090909091 -0.010606060606
0.35714646464645 0.100505050505112
0.4 -0.02
0.4683333333334 0.081553030303
0.5079545454545 0.246969696969788
0.640079365079286 0.0297619047619571
0.4416666666665 0.11666666666665
0.325378787879 0.015530303030375
0.333333333333 0.133333333333
0.2960606060606 -0.0881818181818
0.7333333333335 0.375
0.6583333333335 0.2083333333335
0.4453333333334 0.2118333333334
0.5 0.433333333333
0.605 0.12375
0.866666666666667 0.025
0.25 0.45
0.399827355184571 0.162743506493571
0.5 -0.25
0.375 -0.125
0.3625 -0.025
1 0
0.5738095238095 0.257142857142833
0.41 -0.0725
0.56875 0.20227272727275
0.55 0.03
0.615909090909 0.2274242424242
0.588281249999963 0.3421875
0.55 -0.0625
0.476170183982667 0.102719606781983
0.379629629629667 0.183333333333333
0.548148148148233 0.35
0.376515151515 0.112121212121333
0.5 0.266666666666667
0.0666666666667 0
0.32291666666675 0.00208333333324999
0.512577160493833 -0.1095100308642
0.3375 0.15
0.38999999999994 0.10416666666674
0.845833333333333 0.2775
0.4699999999998 0.20333333333334
0.583333333333333 0.333333333333333
0.515007215007 -0.0781565656564333
0.4625 0.11354166666675
0.462037037037 0.256018518518517
0.7272727272728 0.57151515151516
0.6333333333335 -0.3666666666665
0.372564935065 0.1680194805194
0.733333333333333 0.508333333333333
0.755555555556 -0.0666666666667
0.522619047619 0.3642857142855
0.366666666666667 0.166666666666667
0.33214285714275 -0.05803571428575
0.6670238095238 0.38226190476194
0.3 0
0.25341414141414 0.0429797979798
0.477023809523833 0.253134920635
0.5105 0.3610833333334
0.35 0.29375
0.5547222222223 0.14611111111108
0.541666666667 -0.291666666667
0.46 -0.1733333333334
0.35 0.2
0.53863636363625 0.309090909091
0.3 1
0.65 0.177777777777667
0.466666666666717 0.167361111111167
0.4 -0.4
0.3888888888889 0.0746527777776667
0.35 0.141666666666667
0.488888888888857 0.249206349206257
0.41666666666675 0.28333333333325
0.6489206349206 0.1531428571428
0.477777777777667 -0.129629629629667
0.2 0.15
0.51333333333334 0.36
0.525082457225429 0.147711811997571
0.6633333333332 -0.0566666666668
0.441666666666667 0.35
0.316666666666675 0.106249999999925
0.0666666666667 -0.166666666667
0.84 0.725
0.4876893939395 0.0671401515152333
0.618849206349143 0.348214285714286
0.510714285714286 0.194480519480571
0.569444444444478 0.0467592592593
0.5276785714285 0.33497023809525
0.422950680272143 -0.0837499999999764
0.5833333333334 0.3733333333334
0.6 0.5
0.5076190476192 -0.115
0.3833333333335 0.1666666666665
0.722222222222333 -0.411111111111
0.4535353535354 0.25161616161616
0.598611111111 0.6930555555555
0.60178571428575 0.099404761904675
0.4625 0.5
0.44123931623925 0.080769230769225
0.20625 0.1
0.3033333333332 -0.2
0.7265625 0.44375
0.386553030303 -0.0051452020201
0.55 0.5
0.55416666666675 0.2729166666665
0.44375 -0.04375
0.42222222222225 0.156944444444525
0.529480519480429 0.356587301587286
0.3688888888888 0.2093055555556
0.427561327561143 0.155411255411257
0.252777777777667 0.427777777777767
0.58715277777775 -0.090624999999925
0.65 0
0.416666666666667 0.19375
0.5033333333332 0.01700000000006
0.6721212121212 -0.0363636363636
0.41174242424225 -0.14318181818175
0.549589646464625 0.133262310606037
0.65 0.575
0.1499999999999 0.0277777777776667
0.51 0.21125
0.429676870748333 0.0606292517006667
0.35833333333325 0.2375
0.48837121212125 0.293219696969575
0.687777777778 -0.09333333333335
0.3166666666665 -0.0166666666665
0.508134920635 0.1242063492063
1 0.5
0.375 -0.2890625
0.5895833333335 0.16961805555555
0.55 0.32
0.511507936507889 0.302777777777778
0.727272727273 -0.181818181818
0.467857142857143 0.070238095238
0.3345 0.0885
0.375 -0.25
0.290178571429 0.0276785714286
0.4164285714286 0.30611111111112
0.6433333333334 -0.05333333333334
0.479629629629667 0.2988425925925
0.666666666666667 0.166666666666667
0.635185185185167 0.3875
0.3646464646465 0.264393939394
0.6666666666665 0.625
0.64166666666675 0.075
0.301924001923857 -0.132933877465086
0.366666666666667 0.05
0.71082589285725 0.35574776785725
0.54 0.16
0.666666666666667 0.35
0.6 -0.375
0.5118686868685 0.211616161616167
0.551428571428571 0.186428571428571
0.85 0.45
0.505 0.25
0.4921428571428 0.0704761904762
0.2 1
0.454924242424167 0.0235953282828833
0.55 0.1875
0.4610795454545 0.218844696969725
0.525 -0.241666666666675
0.548438466295571 0.102303648732286
0.380952380952333 0.153452380952333
0.472222222222286 -0.0404761904761429
0.4375 -0.0375
0.643939393939 0.2848484848485
0.7447474747474 0.259090909091
0.318181818182 0.212121212121
0.501190476190571 0.392857142857143
0.6369696969696 0.0457575757576
0.568611111111083 0.260555555555583
0.5883333333332 0.415
0.46212121212125 0.34090909090925
0.54 0.16
0.425757575757667 0.333838383838333
0.648571428571429 0.188035714285714
0.622266313933 0.1770723104057
0.3875 0.375
0.694047619047572 -0.153571428571429
0.367777777778 0.21
0.7125 0.15625
0.4875 -0.059375
0.117424242424 -0.01060606060605
0.4655723905725 0.17064393939395
0.5993055555555 -0.080555555555675
0.59845238095225 -0.03654761904775
0.655303030303 0.21325757575775
0.3 0.5
0.575 -0.0375
0.5 0.375
0.7958333333335 0.175
0.425 0.2208333333335
0.683838383838333 0.170707070707333
0.641666666667 0.315972222222
0.4583333333335 0.25
0.3026515151515 -0.1079545454545
0.46666666666675 0.34166666666675
0.442035634119 -0.0529278900112778
0.675 0.390625
0.6 0
0.666666666667 -0.0833333333333
0.372222222222333 0.144444444444433
0.5871428571428 0.3371428571428
1 0.5
0.25481770833325 -0.189453125
0.633333333333333 0.283333333333333
0.2958333333334 0.1683333333334
0.356481481481333 -0.0175925925926667
0.32833333333325 -0.4075
0.8214285714285 0.357142857143
0.1816666666665 0.0916666666665
0.8 0.6
0.45888888888874 -0.06583333333326
0.610119047619 0.15952380952375
0.454545454545 0.136363636364
0.555555555555667 0.438888888889
0.56158730158738 0.0257142857142
0.58958333333325 0.24374999999975
0.411884920635 0.2061904761904
0.346296296296333 0.1449494949495
0.49971794871802 0.1467708333334
0.489047619047667 0.159047619047667
0.2 0.25
0.75 0.5
0.3 -0.1
0.4357291666665 -0.071666666666675
0.532098765432 -0.0631172839506333
0.8 -0.266666666666667
0.580345117845111 0.309427609427556
0.74 0.35
0.5 0.5
0.690909090909 0.1937727272728
0.448611111111 0.27791666666674
0.29474747474754 -0.0520202020203
0.533333333333233 -0.0249999999999
0.442255892255889 0.0277146464647334
0.6412878787878 0.1157954545455
0.467857142857 0.142857142857
0.425 -0.125
0.680909090909 0.0939393939394
0.533333333333333 0.270833333333333
0.383333333333333 0.0333333333333333
0.810648148148167 0.0972222222221667
0.45 0.175
0.822222222222 -0.388888888889
0.50625 -0.025
0.425972222222167 0.215972222222217
0.485218253968333 0.0744047619047667
0.509090909091 0.489393939394
0.1 -0.2
0.639583333333333 -0.0614583333333333
0.538159371492667 -0.0291315937148889
0.5875 0.25
0.4647474747474 -0.1509090909091
0.3373863636365 0.12284090909095
0.425757575757667 0.356060606060667
0.38821022727275 0.157765151515212
0.566666666666667 0.302083333333333
0.5491666666666 -0.0625
0.5966314935065 0.326176948052
0.583333333333283 0.25
0.525 0.275
0.3589285714285 -0.00357142857150001
0.659090909091 0.293560606060667
0.4 0
0.616666666666667 -0.025
0.35878787878794 0.21363636363636
0.56249999999975 -0.00416666666674999
0.227777777777733 -0.00625
0.6625 0.1375
0.488888888888667 -0.0618055555555667
0.525 -0.525
0.5933333333334 -0.0766666666666
0.611111111111 0.222222222222333
0.9 0.25
0.4 -0.4
0.4783333333334 0.1933333333332
0.548148148148 0.2
0.429232804233 0.1924603174602
0.504695767195833 0.283002645502733
0.5386363636365 0.234090909091
0.3 0.2
0.3538095238094 0.0496428571428
0.2 0.1
0.36666666666654 0.0277777777778
0.566666666666667 0.2
0.8 0.4
0.612878787878675 0.06761363636375
0.44640151515175 0.1772017045455
0.525 0.25625
0.46698683261175 0.28520021645025
0.766666666666667 -0.15
0.5 0.0625
0.5 0.1666666666665
0.725 0.375
0.664550264550333 0.206878306878333
0.75 0
0.568831168831143 0.0363636363637143
0.411111111111117 0.320833333333333
0.6772727272725 -0.181818181818
0.5 0.05
0.578571428571 -0.0380952380952
0.625 -0.0125
0.65 0
0.85 0.25
0.27555555555566 0.15111111111104
0.56 0.68
0.55714285714275 -0.0203125
0.410836038961 -0.0093607954545
0.366666666667 0.15
0.491893424036286 -0.0662131519274714
0.4533333333332 0.235
0.54797979798 0.271338383838333
0.5404761904762 -0.11
0.5 -0.0939393939393334
0.358333333333286 0.143253968254
0.639473489473444 0.183250777000779
0.3975757575756 0.2553977272728
0.4203571428572 0.1461904761904
0.407196969697 0.24938131313135
0.535690235690189 -0.0459595959595555
0.5993055555555 0.404861111111163
0.43958333333325 0.36041666666675
0.477777777778 0.377777777778
0.4 0.4
0.534722222222333 0.3911111111111
0.65 0.166666666666667
0.7166666666665 0.18333333333335
0.6 -0.003409090909
0.583333333333333 0.366666666666667
0.380303030303 -0.0409090909091
0.725 0.341666666666667
0.412962962963 -0.1587542087544
0.504761904761857 0.0744047619047571
0.69583333333325 -0.001041666666675
0.4582323232324 0.0950252525252
0.5366666666666 0.226553030303
0.616341991341875 -0.19218073593075
0.2875 0.0375
0.518308080808 0.0291035353535333
0.634848484848333 0.303787878788
0.333333333333 0.25
0.503703703703833 0.190740740740667
0.60714285714275 0.418452380952375
0.708333333333333 -0.2625
0.5766666666666 0.1116666666666
0.4338286713285 0.21774475524475
0.486225348725167 0.192580567580517
0.3454545454545 0.6536363636365
0.50681818181825 -0.0829545454545
0.62083333333325 0.35
0.275 -0.075
0.321666666666567 0.0277777777777667
0.5635173160172 0.3827813852814
0.535714285714 0.285714285714
0.3411111111112 -0.00444444444452
0.25 -0.125
0.492857142857143 0.389285714285714
0.377272727272667 0.126515151515267
0.4272727272725 0.218181818182
0.435768398268286 0.219034090909143
0.583333333333333 0.391666666666667
0.423611111111 0.19166666666675
0.40202020202014 0.1761616161616
0.75972222222225 -0.21805555555575
0.3772727272725 0.149431818182
0.455555555555333 0.2499999999999
1 0.8
0.8 -0.466666666667
0.401515151515 0.0454545454546667
0.55 -0.116666666667
0.445238095238 0.295238095238
0.4 -0.1
0.4708333333335 -0.2208333333335
0.801136363636 0.190340909091
0.4166666666665 0.193181818182
0.188888888889 -0.166666666667
0.566666666667 0.166666666667
0.557777777777667 -0.0341666666666667
0.50864468864468 0.26440476190476
0.15833333333335 -0.1770833333335
0.590909090909 -0.0787878787878667
0.5 0.375
0.65113636363625 0.38304924242425
0.43541666666675 0.06458333333325
0.175 0.5
0.470292207792222 0.279268879268778
0.494841269841167 0.237202380952333
0.487384259259167 0.298958333333333
0.742424242424333 0.0435606060606667
0.463541666666675 0.15520833333325
0.65 0.3772727272728
0.675 0.2
0.334126984127 0.178571428571333
0.4125 0.275
0.916666666666667 0.0166666666666667
0.492901234567889 0.266245791245856
0.5477777777778 0.4688888888888
0.608838383838333 -0.170707070706933
0.44166666666675 0.214583333333325
0.576190476190444 0.359629028379
0.539387755101857 0.399066171923271
0.173400673400633 0.0372053872053667
0.55 0.375
0.8125 -0.05
0.6622222222222 0.4433333333334
0.404761904762 0.226190476190467
0.0666666666667 0
0.372222222222256 0.0410774410775222
1 1
0.777777777778 0.416666666667
0.597172619047571 0.0459821428571429
1 0.5
0.3489285714285 0.16702380952375
0.548412698412783 0.397619047619167
0.38333333333325 -0.021875
0.484415584415467 0.1899675324676
0.2 0.1
0.5 0.283333333333333
0.707142857143 0.45
0.25 -0.166666666667
0.1 0
0.5507142857142 -0.1083333333334
0.527380952381 0.072619047619
0.410768398268286 0.139123376623429
0.62 0.25
0.662626262626 0.134343434343667
0.4333333333335 -0.0375
0.543915343915333 0.163591269841167
0.436870845204078 0.176532822887
0.221990740740675 0.087037037037075
0.48083333333334 -0.04083333333334
0.645833333333333 0.395833333333333
0.427083333333463 0.0802083333333375
0.428472222222212 -0.051620370370375
0.58085016835 0.1200652356903
0.443201243201308 0.212266899766869
0.5 -0.5
0.375595238095167 -0.0605158730158333
0.766666666666667 0.216666666666667
0.45 0.45
0.3 0.125
0.603009259259333 -0.253703703703667
1 1
0.7875 0.45
0.44375 0.21875
0.283333333333333 -0.266666666666667
0.545 0.4925
0.1833333333335 -0.0333333333335
0.6805555555555 0.57708333333325
0.42833333333334 -0.0275
0.326118326118333 0.0597402597403333
0.74553571428575 -0.4589285714285
0.5 0.0625
0.32253787878775 0.1553030303032
0.375 0.0875
0.05 0
0.4 -0.05
0.366666666667 0
0.629404761904714 0.0209523809523857
0.293269230769 -0.1153846153845
0.560101010101 0.0931818181816667
0.345514670514617 0.136459836459767
0.412962962963 0.0759259259257666
0.255833333333333 0.0733333333333333
0.43125 -0.325
0.6 0.683333333333333
0.5 0
0.8 -0.6
0.449074074074 0.15474537037025
0.540684624018 0.188131313131333
0.5 0.375
0.623809523809667 0.388095238095333
0.650396825396833 -0.185714285714333
0.525 0.146306818182
0.4 -0.05
0.465 0.189166666666617
0.365277777778 0.2083333333335
0.483333333333286 0.0407738095238571
0.658333333333333 -0.195833333333333
0.80972222222225 0.0708333333335
0.71 0.425
0.9 0.3833333333335
0.493253968254 -0.1625
0.54 -0.00666666666666667
0.2666666666665 -0.18333333333335
0.5382323232323 0.0119696969697
0.3 -0.15
0.508892496392429 0.218560606060714
0.3888888888889 0.333333333333333
0.474397824397833 0.162169774669833
0.4 0
0.528472222222167 0.2913194444445
0.74 0.28708333333334
0.554292929292667 0.323484848485
0.580909090909 0.3272727272728
0.469345238095 -0.051488095238095
0.557638888889 0.2111111111111
0.66473214285725 -0.09464285714275
0.3833333333335 0.1666666666665
0.8 -0.6
0.5166666666665 0.325
0.612095959595977 -0.0644698404499725
0.26060606060585 0.08484848484865
0.675909090909 0.3160227272728
0.433333333333 -0.166666666667
0.6125 0.27734375
0.408901515151675 0.0545454545455
0.440656565656667 -0.00530303030303333
0.625 0.25
0.33878787878794 0.02030303030296
0.597777777777667 0.420555555555667
0.2995265151515 0.2639204545455
0.5625 0.1725
0.5022222222222 0.08666666666666
0.575757575757667 0.2310606060606
0.666666666666667 -0.3888888888889
0.166666666667 0.166666666667
0.149999999999925 0.143534342447925
0.916666666667 0.25
0.6 0.7
0.5384154040405 0.001073232323275
0.808333333333333 0.6
0.4212698412696 0.17638888888888
0.3 -0.25
0.488888888889 0.115277777777667
0.7 0.1725
0.45424242424234 0.0339393939394
0.3 1
0.472222222222333 0.170138888888667
0.517803030303 -0.026846590909
0.3916666666665 0.203125
0.50625 -0.0625
0.219444444444333 0.15
0.569444444444667 -0.221354166666667
0.2125 -0.1
0.361904761904667 0.326190476190333
0.5159722222225 0.23680555555565
0.436746031746167 0.1135052910053
0.557407407407425 0.1787037037035
0.7294444444444 0.2601851851852
0.543573093573 0.0397042540793077
0.493118686868783 -0.00435606060602999
0 -0.2
0.497619047619 -0.0160714285714
0.459502164502 0.181796536796529
0.5 -0.31666666666665
0.0666666666667 0
0.69166666666675 0.375
0.604166666666625 -0.0416666666666625
0.6675 -0.03
0.903571428571 -0.0285714285714
0.5 0.2791666666665
0.43863636363625 0.309090909091
0.38125 0.125694444444333
0.670833333333333 0.491666666666667
0.401599326599256 0.186868686868778
0.363888888888889 0.183518518518556
0.25 0
0.55 -0.25
0.425 0.4
0.34166666666665 0.38125
0.435119047619 0.255952380952333
0.567857142857 0.492857142857
0.4272727272725 0.082244318182
0.5 0
0.3329545454545 0.152178030302975
0.4458333333335 0.2958333333335
0.6625 0.49375
0.458333333333333 -0.233333333333333
0.599458874458857 0.350432900432857
0.627878787878833 0.196363636363667
0.425 0.225
0.32083333333325 0.1
0.0666666666667 0.0333333333333
0.975 -0.275
0.338888888889 0.0141414141415
0.5871428571428 0.3704761904762
0.512878787878833 0.0870580808080833
0.327272727273 0.118181818182
0.333333333333333 -0.0333333333333333
0.95 0.35
0.188095238095333 0.152380952381
0.57 0.2572727272728
0.518939393939 0.018181818182
0.6875 0.4375
0.6125974025974 0.109393939394
0.284848484848333 0.490151515151667
0.2 0.25
0.694444444444333 0.2388888888889
0.6125 0.3525
0.58232323232325 0.35303030303025
0.523809523809333 0.315476190476
0.38333333333335 0.4
0.5 0.23
0.80625 0.41875
0.546048280423333 -0.178645833333333
0.277777777777667 0.252777777777667
0.434722222222175 -0.232291666666675
0.5883333333334 0.405
0.414814814814667 -0.196296296296333
0.4772727272725 -0.081818181818
0.275 0.5
0.545562770562857 0.218549783549857
0.6998834498832 -0.2065734265734
0.4 0.25
0.490558361391667 0.0760662177330111
0.55 0.25
0.8 0.4
0.57604166666675 0.05625
0.55 -0.30625
0.8 -0.2
0.3565476190475 -0.13690476190475
0.414814814814667 -0.0300925925926
0.7 -0.5
0.575 0.15
0.38863636363625 0.146590909091
0.584848484848333 0.378787878788
0.643055555555571 -0.128571428571429
0.4605555555556 0.0433333333334
0.666666666667 0.125
0.522784090909125 0.206003787878852
0.6022727272725 0.255681818182
0.220833333333 0
0.6041666666665 -0.34166666666665
0.296296296296 -0.118518518519
0.411111111111 0.370833333333
0.4641666666666 -0.0016666666666
0.575 0.216666666666667
0.75 0
0.438888888889 0.605555555555667
0.3708333333335 -0.0666666666665
0.6145833333335 0.0625
0.728240740740778 0.283564814814778
0.466666666666667 0.341666666666667
0.380303030303 0.1090909090909
0.55 0.45
0.525 0.2
0.6 -0.075
0.451666666666667 0.295555555555333
1 0.166666666666667
0.777551020408143 0.445500283446714
0.666666666666667 -0.2
0.625 0.21875
0.449999999999925 0.2875
0.481190476190333 0.173333333333333
0.3681818181815 0.1530934343435
0.6666666666665 0.35
0.541736111111167 0.0102083333333333
1 -0.75
0.459166666666675 0.18875
0.708603896104 0.063474025974
0.4192424242424 0.259090909091
0.4186147186145 0.139126082251333
0.718813131313333 0.369949494949667
0.709090909091 0.2477272727275
0.3388333333332 0.0228333333334
0.336111111111 0.290625
1 -0.5
0.644444444444 -0.0777777777778
0.39375 0.275
0.25916666666675 0.053333333333325
0.85 -0.45
0.49875 0.0484375
0.3291666666665 0.2458333333335
0.125 0
0.5125 0.375
0.21111111111114 0.0388888888888
0.4578125 -0.190625
0.490909090909 0.2645454545456
0.2 0.5
0.6633333333334 -0.1075
0.5725 0.2591666666666
0.6125 0.2423828125
0.29166666666665 0.1
0.4136363636365 0.371590909091
0.544444444444333 -0.119444444444333
0.504 0.226
0.4583333333335 0.275
0.29 0.1933333333335
0.433279220779 0.03969155844175
0.5329545454545 0.3261363636365
0.4772727272725 0.318181818182
0.540909090909 0.13393939393946
0.5404545454546 -0.29136363636364
0.5 0.333333333333
0.8 -0.6
0.707190957191 0.0349003427129167
0.687012987012857 0.377056277056429
0.447916666666625 0.190625
0.559523809524 0.245833333333
0.360064935065 0.2186147186149
0.5 0.4
0.51931818181825 0.3576704545455
0.5269047619048 0.1742532467532
0.454816017316 -0.00850649350642856
0.55 -0.31833333333346
0.3888888888889 -0.00694444444466667
0.676388888888833 0.140277777777833
0.41041666666675 0.01953125
0.363492063492233 0.0904761904763333
0.547428833792364 0.208281680440818
0.46 0.14
0.635 0.29666666666666
0.727003367003333 0.45361952861955
0.5795033670035 0.13371212121225
0.7483796296295 0.297222222222217
0.391961279461117 0.0761994949495
0.497222222222 0.00138888888900002
0.269841269841 0.0151515151515
0.539393939393909 0.212258953168027
0.462083333333333 0.14284090909094
0.6555555555555 0.17934027777775
0.39305555555575 -0.033333333333425
0.4735714285714 -0.00392857142859999
0.55 0.6
0.6675 0.615
0.3383333333332 0.18625
0.301388888889 0.13402777777775
0.43 0.08
0.2 0.1
0.1 -0.05
0.4238095238094 0.0495238095238
0.4 -0.046875
0.45 0.125
1 -0.5
0.6466666666666 0.385
0.4875 -0.125
0.545202020202 -0.085606060606
0.65 0.05
0.47 -0.1
0.424999999999857 0.120889136904714
0.75625 0.290625
0.619444444444333 0.0520833333333333
1 1
0.7583333333335 0.3333333333335
0.75681818181825 0.5795454545455
0.4 0.2
0.783333333333333 0.283333333333333
0.514457070707 0.040656565656575
0.353240740740667 -0.179166666666667
0.65 0
0.625 -0.102272727272733
0.366666666666667 0.125
1 0.8
0.52083333333325 0.2125
0.434983766233714 0.173024891774857
0.316666666666667 0.0416666666666667
0.1 0
0.582307449494875 0.255681818181834
0.3 0.2
0.427272727272667 0.151515151515333
0.6125 0.25
0.590476190476333 0.394047619047667
0.6583333333335 0.1416666666665
0.483333333333333 0.233333333333333
0.249452861952667 0.00303030303033333
0.466666666666667 0.220138888889
0.7466666666665 0.3258333333335
0.73863636363625 0.4092803030305
0.667316017316 -0.00909090909085713
0.611607142857286 -0.0505952380952429
0.5 0.136363636364
0.7 0.2
0.438636363636287 0.199715909091037
0.5166666666665 -0.25
0.6 0.7
0.75 0.8
0.6017857142855 0.1285714285715
0.318181818181667 0.003787878788
0.550505050505 0.331060606060667
0.198148148148 0.340740740740733
0.642424242424333 0.014393939394
0.63281024531025 0.00920815295826001
0.498148148148 0.0240740740740667
0.6 -0.125
0.375 -0.125
0.550963718820857 0.165306122449
0.461111111111333 -0.441666666666667
0.5625 0.00662878787875
0.5165674603175 0.196726190476275
0.383333333333333 0.201515151515267
0.55 0.1125
0.882142857142857 -0.186160714285714
0.4492857142858 0.14023809523802
0.19999999999985 -0.0833333333335
0.611904761904714 0.314285714285714
0.6195075757575 0.189393939394
0.8 0.35
0.663718820861714 0.180753968253857
0.5941666666666 -0.0891666666666
0.65 0.625
0.5716666666666 -0.0489583333334
0.9 0.6
0.5638888888889 0.5
0.7214285714285 0.21309523809525
0.855555555555667 0.233333333333333
0.491666666666667 0.270833333333333
0.362626262626 0.212121212121333
0.7 0.333333333333333
0.5 -0.1875
0.7 -0.388888888889
0.6133333333333 -0.10864583333333
0.479166666666567 -0.0708333333333333
0.6333333333335 0.475
0.483796296296167 0.174768518518517
0.529166666666667 0.383333333333333
0.441193181818162 0.3357954545455
0.65 0.2
0.509259259259333 0.0944444444443334
0.328472222222 0.18125
0.8 -0.6
1 0.4
0.33935185185175 0.000231481481499998
0.3 0.125
0.4875 0.17526041666675
0.8 0.255555555555667
0.62083333333325 0.21666666666675
0.439285714285667 0.246031746031733
0.175 0
0.602222222222333 0.3588888888889
0.85 0.6
0.4125 0.154166666666667
0.4 -0.4
0.477777777777667 0.255555555555667
0.44375 -0.007291666666675
0.45 0.458333333333333
0.55 0.075
0.35 0.09999999999985
0.0666666666667 0
0.6 0.5
0.357407407407333 0.335416666666667
0.5772727272728 -0.0778598484848
0.6 0.5
0.535648148148167 0.272685185185167
0.766666666666667 -0.366666666666667
0.678571428571 0.0619047619048
0.1 0
0.911111111111 0.366666666666667
0.546560846560667 0.338359788359733
0.0666666666667 0
0.216666666666667 0.133333333333333
0.454545454545 0.136363636364
0.468209876543333 -0.0811728395061667
0.451388888889 -0.110416666666675
0.6619444444444 0.0244166666667
0.5 0.266666666667
0.35 0.35
0.166666666667 -0.166666666667
0.59375 0.01875
0.288888888889 -0.155555555556
0.427380952381 0.25
0.775 0.4
0.233333333333333 0.180555555555667
1 0.25
0.664814814814667 0.258333333333333
0.42424242424225 0.077272727272725
0.266296296296222 0.144537037037078
0.4 -0.05
0.275 0.5
0.291666666666667 -0.05
0.35 0.168181818182
0.696296296296333 -0.118518518518667
0.486111111111 0.229545454545667
0.9 0.6
0.6687301587302 -0.05595238095238
0.457142857142857 0.292857142857143
0.625 -0.1375
0.5503030303028 0.09221590909098
0.5125 0.06875
0.377777777778 0.1416666666665
0.4 0.1190476190475
0.7166666666666 0.24083333333334
0.60625 0.1875
0.7958543771045 0.406881313131333
0.3575 0.189166666666674
0.15 -0.25
0.375 -0.125
0.635101010101 0.150252525252583
0.475 0.05
0.873611111111 0.251388888889
0.514365079365 0.2376984126984
0.5858585858585 -0.0284090909091
0.50113636363625 0.234090909091
0.75 0.8
0.422727272727 0.265151515151667
0.64333333333325 0.11916666666675
0.75 0.4166666666665
0.233333333333333 0.308333333333333
0.39166666666675 0.18125
0.364814814814667 -0.0388888888889
0.3 1
0.5016666666666 -0.0766666666666
0.544444444444333 0.188888888889
0.534693877551 0.0592970521540857
0.4833333333335 0.325
1 1
1 0.8
0.568055555555583 0.194791666666667
0.416666666666667 0.183333333333333
0.7 0.5
0.383712121212167 0.269696969696967
0.377916666666675 0.3325
0.507702020202 0.220643939394
0.675 -0.075
0.95 0.2875
0.4427777777776 0.3972222222222
0.518648018648 0.25912004662
0.325 0.275
0.483333333333 0.116666666667
1 0.5
0.5208333333335 0.1
0.575 0.1
0.45 0.1625
0.3666666666665 -0.075
0.227272727273 0.0681818181818
0.662121212121 0.135303030303
0.5240740740741 0.0833333333333333
0.44166666666675 -0.1125
0.2666666666665 0.2
0.583472222222333 -0.27375
0.590572390572333 0.137542087541933
0.470238095238 0.140476190476333
0.5 0.325
1 -0.75
0.625 0.375
0.648376623376667 0.137012987012933
0.579380952381 0.0691796536798
0.65 0.11287878787875
0.28333333333335 0.25
0.466666666666667 -0.0757575757573333
1 0
0.571212121212167 0.291109006734
0.398520923521 0.098484848485
0.605952380952333 0.347619047619
0.6969696969695 0.29242424242425
0.683333333333333 0.5
0.454545454545 0.136363636364
0.401289682539667 0.0225198412698333
0.39722222222225 0.02777777777775
0.652210884353571 -0.118904124149571
0.497474371693125 0.218894675926
0.411428571428572 0.235476190476143
0.299053932178917 -0.175834911616167
0.3340909090905 -0.04393939393955
0.424166666667 0.011875
0.5 0.0833333333333333
0.70833333333325 -0.091666666666675
0.2 0.2
0.645238095238143 0.341666666666714
0.311111111111233 0.177083333333333
0.599718614718636 0.214534632034545
0.536111111111 0.0657407407406667
0.5654761904765 0.1976190476192
0.377777777778 0.0333333333333
0.537037037037 0.308333333333333
0.651515151515 0.378787878788
0.5 -0.2
0.56190025252525 0.2266414141415
0.454545454545 0.136363636364
0.8125 0.5426136363635
0.566666666667 0.3708333333335
0.2960227272725 0.005681818182
0.70972222222225 0.171875
0.584722222222333 0.415277777777667
0.5714285714285 0.4330357142855
0.4522222222222 0.04111111111118
0.625059523809667 0.133630952380967
0.47083333333325 0.315625
0.65 0.75
0.5 0
0.367104377104333 0.100631313131333
0.5 0.225
0.85 0.665
0.39125 -0.014166666666575
0.55 0.2
0.4453379629628 0.01868981481487
0.616666666666667 0.472222222222333
0.438888888889 0.147916666666675
0.25208333333335 -0.078125
0.483333333333 -0.0333333333333
0.398959595959333 0.171595959596
0.356746031746067 0.0944444444444333
0.608333333333333 -0.025
0.616666666666667 0.2
0.398611111111117 0.2
0.434801309801143 0.0560661560661428
0.6 -0.4
0.395959595959333 -0.021212121212
0.75 0.8
0.75113636363625 0.34837662337675
0.477777777777767 -0.3625
0.4254545454546 0.3278551136364
0.302777777777667 0.1375
0.563386844636833 -0.131830958393417
0.108333333333 -0.1
0.2 -0.1
0.529755892255889 0.261447811447778
0.6506944444444 0.26
0.2 -0.20625
0.6375 0.4125
0.788888888889 0.0652777777777667
0.446527777777667 0.0819444444443333
0.75 0.7375
0.9 -0.8
0.5763888888888 0.05250000000006
0.2 0.3
0.25994318181825 0.05181107954545
0.5458333333335 -0.20833333333335
0.433080808080833 0.278535353535383
0.572222222222167 0.0847222222221667
0.7958333333335 0.4708333333335
0.8333333333334 0.425
0.5183809523808 0.11346031746036
0.645238095238143 0.4202380952381
0.69166666666675 -0.0125
0.510714285714333 0.281020021645143
0.5357142857145 0.4107142857145
0.501041666666625 0.0354166666666625
0.354166666667 0.310416666667
1 0.4
0.509259259259333 0.1413194444445
0.493905723905667 0.2340235690235
0.716666666666667 0.366666666666667
0.425 0.1875
0.5 0.5
0.2854166666665 0.18125
0.318181818181667 0.170454545454667
0.65 0.89
0.5 0.2
0.7 0.2
0.7319444444444 0.24083333333334
0.875 0.125
0.71666666666675 -0.2109375
0.3805555555555 0.1291666666665
0.381908369408286 0.0751919707276571
0.742424242424333 0.481060606060667
0.371212121212 0.148863636363675
0.58333333333325 0.27291666666675
0.75 -0.4833333333335
0.474603174603286 0.165550595238143
0.569444444444333 0.00777777777766667
0.34431818181825 0.2795454545455
0.35931818181825 -0.0104545454545
0.389646464646667 -0.2078282828284
0.4625 0.02291666666675
0.424603174603167 0.271428571428567
0.45572916666675 0.13776041666675
0.414646464646333 0.222727272727333
0.315277777777837 0.068923611111125
0.54 0.16
0.8636363636365 0.04261363636365
0.5 0.375
0.2416666666665 0.15625
0.6361111111112 0.653125
0.781481481481333 0.25
0.666666666667 0.125
0.55 0
0.791666666666667 0.641666666666667
0.3 -0.2375
0.490740740740667 0.0611111111111667
0.666666666667 -0.333333333333
0.525 0.375
0.825 0.74375
0.7 0.38
1 0.5
0.615277777777667 0.0638888888888333
0.744841269841167 0.401091269841167
0.375 0.111111111111333
0.0833333333333 0
0.6172444444444 0.28139444444452
0.505413165266059 0.383893557423
0.3666666666665 0.025
0.370833333333 0.1666666666665
0.70334595959575 -0.29614898989895
0.585714285714286 0.185714285714286
0.397222222222 0.013888888889
0.475 0.325
0.542113095238 -0.0813988095239
0.6125 0.053125
0.909259259259333 0.410185185185167
0.62708333333325 0.060416666666675
0.343055555555667 0.25
0.75 0.3
0.65 0.059090909091
0.75 0.19166666666675
0.2 0.3
0.783333333333333 0.0333333333333333
0.4656969696969 0.1274090909091
0.5166666666665 -0.0375
0.55067640692625 0.1165854978355
0.451515151515 -0.033712121212
0.9 -0.8
0.5 -0.25
0.85 0.15
0.75 0.25
1 0
0.475 0.125
0.4614583333335 0.187499999999925
0.705555555555667 0.378888888889
0.422222222222333 0.0722222222221667
0.4785714285714 0.0557142857142
0.288888888889 -0.243055555556
0.6670634920635 -0.4357142857145
0.594642857143 0.0214285714286667
0.4625 0.25833333333325
0.5806006493505 0.36980519480525
0.69166666666675 0.225
0.448082869511429 0.468098330241143
0.8 0.875
0.569546485260857 0.216207482993171
0.525 0.325
0.5 0.186111111111167
0.432803030303 0.1636363636365
0.4 0.8
0.631481481481333 0.158333333333333
0.4772727272725 0.356534090909
0.4008333333334 0.02
0.35 0.25
0.454545454545 0.136363636364
0.433333333333333 0.1819444444445
0.435714285714286 0.141666666666671
0.6 0.7
0.633333333333333 -0.00555555555566667
0.55 0.375
0.81875 0.0473958333335
0.544444444444333 0.480555555555667
0.391414141414 0.15492424242425
0.733333333333333 0.391666666666667
0.683333333333333 -0.111111111111
0.471527777777833 -0.0104166666666667
0.393181818181667 0.153787878788
0.500808080808 0.10979797979808
0.6505084175084 0.1408804713805
0.4 0.375
0.3772727272725 0.568181818182
0.3780952380952 0.08
0.4469696969695 0.18617424242425
0.6 -0.3
0.833333333333 0.333333333333
0.866666666666667 -0.387239583333333
0.4930555555555 0.177777777777783
0.525 0.425
0.821428571429 0.107142857143
0.4711688311688 -0.11881899350644
0.454545454545 0.136363636364
0.625 0.56875
0.85 -0.7
0.475 0.1
0.62142857142875 -0.02946428571425
0.45 -0.075
0.580942760943 0.214764309764333
0.5 0.25
0.866666666667 -0.5
0.454166666666667 0.125
0.53541666666675 0.234375
0.380978835978857 0.1405074555075
0.5763888888885 0.3319444444445
0.125 0
0.61168831168825 0.1560064935065
0.566666666666667 -0.133333333333333
0.616666666666667 0.283333333333333
0.6003571428572 0.05642857142858
0.75 0.375
0.7205952380952 0.22035714285714
0.3466666666666 0.3966666666666
0.85 0.55625
0.720909090909 -0.0127272727272
0.682142857143 -0.41354166666665
0.447619047619 -0.177380952381
0.74305555555575 0.03333333333325
0.65 0.15
0.615277777778 0.0805555555555
0.81875 0.584375
0.46 0.25500000000006
0.5555555555555 0.291666666666667
0.621388888888833 0.126875
0.4 -0.25
0.45 0.35
0.6066666666666 0.1716666666666
0.5608585858585 -0.040909090909
0.637957875457714 0.173580586080714
0.4 -0.25
0.625 0.1875
0.396296296296333 -0.0166666666666667
0.7738095238095 0.145238095238
0.8125 0
0.555555555555667 0.6
0.61190476190475 -0.0064980158729125
0.34791666666675 0.059090909091
0.675 0.0125
0.9 0.6
0.7 -0.0375
0.2 0.1
0.5375 0.2375
0.5125 0.225
0.3566666666666 0.14
0.517261904762 0.05505952380955
0.517255892255667 0.185269360269333
0.4897817460317 0.116281114718595
0.781878306878333 0.209656084656044
1 0.625
1 -0.5
0.6 0.508333333333333
0.357142857143 0
1 1
0.1 -0.2
0.57873931623925 0.14813034188035
0.372159090909138 0.0543560606060125
0.46527777777775 0.2506944444445
0.666666666667 -0.229166666667
0.2136363636365 0.059090909091
0.368712121212 0.167196969697
0.2666666666665 0.3125
0.8875 0.64375
0.32690476190474 0.13690476190474
0.76785714285725 -0.0964285714285
0.37926136363625 0.199715909091
0.7 0.366666666667
0.9375 -0.125
0.559090909091 0.00606060606066666
0.37083333333325 0.2069444444444
0.3 1
0.5878571428572 0.1205357142858
0.5 -0.1875
0.63125 0.6875
0.425 0.125
0.5511363636365 -0.303409090909
0.275 0.1
0.7494545454545 0.1214696969697
0.778571428571333 0.092857142857
0.48645833333325 -0.01875
0.38 0.14
0.5433333333334 0.0216666666666
0.95 0.3125
0.4475 0.0810416666666
0.4901515151515 0.339962121212125
0.535714285714 0.357142857143
0.488952020202 0.244255050505167
0.8 0.25
0.5791666666665 -0.2458333333335
0.5 0.25
0.4651785714285 0.0214285714285
0.61999999999994 0.24
0.52083333333325 0.33125
0.333333333333 0.166666666667
0.586111111111167 0.129166666666667
0.433333333333333 0.266666666666667
0.559090909091 0.189393939393933
0.666666666667 -0.7
0.4 -0.216666666667
0.6 -0.3916666666665
0.6875 -0.28125
0.5 0.170454545455
0.0666666666667 0
0.693518518518667 -0.0791666666666666
0.6 0.625
0.245486111111 -0.09131944444445
0.516666666666667 0.1234375
0.441468253968333 0.125396825396667
0.523068181818125 0.175525568181875
0.575555555555667 0.148333333333333
0.529398148148167 0.244212962962967
0.625 -0.025
0.316666666666667 0.1
0.55 0.35
0.9 0.6
0.309375 0.084375
0.7 -0.3
0.630909090909 0.4372727272728
0.3392857142855 0.25
0.699206349206286 -0.390476190476186
0.542857142857 0.2285714285715
0.4475 0.08
0.296590909091 0.100505050504933
0.1 -0.2
0.67 0.4646272786458
0.648214285714286 -0.101785714285714
0.595 0.165
0.566666666666667 0.283333333333333
0.4666666666665 0.3333333333335
0.233333333333 -0.25
0.629545454545455 0.266098484848455
0.32499999999975 0.101041666666675
0.60145833333325 0.2275
0.422222222222 0.215277777777667
0.455875420875444 0.114932659932711
0.65 0.5625
0.428354978355 0.07683982683975
0.687847222222333 -0.263541666666667
1 -0.5
0.540625 0.270833333333333
0.586882716049333 0.0857638888888889
0.680555555555667 -0.197222222222333
0.333333333333333 0.106944444444567
0.534090909091 0.335227272727
0.377777777777767 0.266666666666667
0.541666666666667 -0.308333333333333
0.6583333333335 -0.225
0.5772727272725 0.318181818182
0.285 0.215
0.4841203703704 0.27907407407411
0.639393939394 0.319086700336667
0.57708333333325 0.151302083333375
1 0
0.419312169312 0.100330687830333
0.877777777777667 0.244444444444333
0.46604166666675 0.16020833333325
0.6986666666666 0.3711666666666
0.5566666666666 0.0266666666666
0.671300186741394 0.258473389355724
0.05 -0.05
0.4964285714285 0.21428571428575
0.0666666666667 0
0.758333333333 -0.0833333333333
0.5035416666667 0.1624305555554
0.75 0.8
0.43169191919175 0.06655618686875
0.3107777777776 0.1185555555556
0.833333333333333 0.111111111111
0.76041666666675 0.4109375
0.4633333333332 0.37
0.375 0.06249999999995
0.6214285714285 0.05178571428575
0.214285714286 -0.0714285714286
0.582142857142857 0.139285714285714
0.288888888889 -0.194444444444
0.75 0.261111111111111
0.637835497835429 -0.0430303030303286
0.329629629629667 0.0555555555556667
0.7425 -0.04
0.6 -0.233333333333333
0.475 0.15
0.52772921522925 0.0553273115774
0.635 0.206666666666835
0.477272727273 -0.0568181818182
0.421910430838925 0.219926303855
0.4 0.025
0.2083333333335 0.00833333333335
0.7 0.116666666666667
0.58 0.3508333333334
0.728571428571429 0.250595238095143
0.7525333333334 -0.1178666666666
0.5875 0.07291666666675
0.575757575757667 0.222727272727333
0.655555555555667 0.372222222222233
0.3133333333334 0.0666666666666
0.7016666666666 -0.1283333333334
0.477777777777667 -0.0302083333333333
1 0.85
0.60535714285725 0.18928571428575
0.7 -0.05
1 0.5
0.4 0.35
0.55 0.4
0.454545454545 0.136363636364
0.75 -0.5
0.428571428571 0.214285714286
0.576957070707 0.31089466089475
0.233333333333 0.2
0.6666666666665 0.18333333333315
0.57083333333325 0.078125
0.933333333333333 -0.366666666666667
0.45 -0.0166666666665
0.66 0.44
0.518392255892167 0.176073232323208
0.329924242424167 0.014393939394
0.677777777777667 0.355555555555667
0.7 -0.34375
0.4535714285712 0.1385714285714
0.4646464646465 0.2159090909095
0.1 0
0.7083333333335 0.05989583333325
0.454545454545 0.136363636364
0.6 0
0.683333333333333 0.383333333333333
0.609457671957667 0.271726190476167
0.2 0.1
0.38576388888875 0.00225694444439999
0.28620046620038 0.1307575757576
0.275 0.15
0.566666666666667 0.0333333333333333
0.493888888888875 0.315486111111125
0.6101406926407 0.285113636363612
0.707291666666625 0.065625
0.522222222222167 0.191269841269833
0.625843253968333 0.193303571428572
0.566666666666667 -0.05
0.615043290043333 0.338311688311667
0.6022727272725 0.568181818182
0.582291666666712 0.22890625
0.533333333333333 0.0333333333333333
0.559907407407333 0.161430976431
0.6772727272725 -0.331818181818
0.3901515151515 0.05454545454545
0.8 0.2875
0.806060606060667 0.337373737373667
0.59333333333334 0.0983143939394
0.63125 -0.028125
0.514781746031667 -0.0984126984126667
0.127380952381 -0.025
0.6 0.25
0.31999999999994 -0.0125
0.3719696969695 0.02651515151525
0.7392045454546 -0.2698295454546
0.56000000000006 0.06625
0.485648148148 -0.00648148148146667
0.583333333333333 0
0.333333333333 0.25
0.52407407407395 -0.053125
0.716666666666667 -0.208333333333333
0.60681818181825 0.3295454545455
0.677272727273 0.468181818182
0.625 0.325
0.325 0.125
0.5833333333335 0.25
0.440145502645556 0.107407407407444
0.210302197802275 0.27589285714285
0.722222222222333 0.326388888889
0.62310606060575 0.22670454545475
0.5252777777777 0.21904040404046
0.888888888889 -0.25
0.275 -0.325
0.7083333333334 -0.205
0 -0.2
0.249053030303 0.134090909091
0.25 0
0.557142857142714 0.334523809523857
0.757006802721 0.264625850340143
0.6 -0.2
1 0.25
0.5423809523808 0.3561904761906
0.66 0.235
0.4125 0.0375
0.375 0.1071428571427
0.4875 0.225
0.399134199134143 0.308847402597429
0.7 -0.4
0.3 0
0.625 0.175
0.407098765432 0.00555555555566667
0.7 0.4
1 -0.7
0.4375 0.1875
0.575 0.4125
0.454545454545 0.136363636364
1 0.85
0.520370370370375 0.339054232804288
0.1388888888889 0.0333333333333333
0.6708333333335 0.5625
0.775 0.325
0.6333333333335 -0.1875
0.462121212121167 0.246414141414333
0.466666666666667 0.4
0.6833333333335 0.304166666667
0.677998737373625 0.1451704545455
0.4011363636365 0.171590909091
0.48878205128225 0.0482954545455
0.5 0.4
0.166666666667 0.166666666667
0.525 0.475
0.692261904761857 0.223214285714286
0.6583333333335 0.0166666666665
0.62 0.13
0.211174242424 -0.00852272727275
0.5 -0.1875
0.365909090909 0.2222727272728
0.41 0.245
0.570238095238167 0.242857142857167
0.564393939393833 0.0964015151513333
0.511111111111 0.1388888888885
0.375 -0.05
0.35 0.2166666666665
0.498532948533 0.0451903960237556
0.464732142857 0.064732142857
1 1
0.6166666666665 0.475
1 1
0.3 1
0.5 0.2
0.274074074074 0.131481481481333
0.6716666666666 0.3733333333334
0.564245014244889 -0.00480769230773335
0.4 0.15
0.579004329004333 0.098502886003
0.23958333333325 0.115625
0.412698412698429 0.384523809523857
0.4166666666665 0.075
0.567803030302925 -0.18912337662325
0.558333333333333 0.01875
0.564120370370333 0.125462962962917
0.4430519480518 0.46798701298708
0.400757575757667 0.118560606060633
0.379365079365233 0.285714285714333
0.416067251461947 -0.113607456140426
0.5904545454546 -0.0388636363636
0.272222222222333 -0.025
0.360416666666667 -0.0743055555555
0.54375 0.139583333333333
0.5875 0.15
0.655 0.225
0.4 0.0333333333333
0.369047619047671 -0.0247619047618571
0.5425 0.0547727272728
0.2208333333335 -0.0041666666665
0.5 0.5
0.37878787878775 0.1698863636365
0.572413954358344 0.291593013468037
0.525 -0.05625
0.444444444444333 0.15
0.55 -0.35
0.2 0.1
0.4 0.1
0.861111111111 0.5
0.2375 0.2375
0.4916666666665 0.1833333333335
0.857142857143 -0.892857142857
0.822222222222333 0
0.325 0.1375
0.529898989899 0.21333333333346
0.654320987654333 0.183333333333233
0.72 -0.1
0.2 -0.3125
0.59375 -0.0416666666665
0.489285714285714 0.0916666666666143
0.601620370370375 -0.129398148148113
0.2 0.025
0.3888888888889 0.166666666666667
0.3754497354498 0.14534391534388
0.774358974359 0.2628205128205
0.38863636363625 0.184090909091
1 0.1
0.53125 0.16458333333335
0.31041666666675 0.01875
0.625 0.4375
0.516991341991429 0.118073593073571
0.402777777777667 -0.028125
0.414983164983111 0.144865319865356
0.557142857143 0.592857142857133
0.820263157894737 0.669046052631579
0.75 0.26666666666675
0.6125 0.264453125
0.65 0.075
0.95 -0.3
0.9833333333335 0.3666666666665
0.435714285714286 0.308928571428571
0.4688888888888 0.10111111111114
0.52083333333325 0.27083333333325
0.501515151515 0.142676767677
0.47836996336997 -0.10321428571433
0.811111111111167 -0.322222222222167
0.44709325396825 0.1300793650794
0.45 0.025
0.6366666666666 0.0683333333334
0.735064935065 0.17694805194812
0.230158730158667 0.0375
0.125 0.025
0.396875 0.046875
0.477083333333333 0.0326388888889
0.35 0.5
0.448611111111 0.15138888888875
0.645833333333333 0.2069444444445
0.6416666666665 -0.25
0.5026785714285 0.2401785714285
0.855555555555667 0.0166666666666667
0.731481481481333 0.418518518518667
0.3383333333332 0.0891666666666
0.3666666666665 -0.00416666666665
0.5166666666665 -0.075
0.31666666666665 0.15
0.225 -0.3
0.4 -0.2
1 0
0.411904761904667 0.045238095238
0.5083333333334 -0.05
0 0.3
0.585185185185333 -0.161111111111
0.788888888888833 0.43506944444445
0.516 0.39233333333346
1 0.5
0.4875 0.2625
0.9 0.15
0.5 0.5
0.45 0.3875
0.559375 0.15625
0.4543344155844 0.08699675324678
0.283333333333 0.45
0.52420875420886 0.15209595959604
0.95 0.6
0.459090909090833 -0.0457912457911667
0.59375 0.28
0.425 -0.115909090909
0.5111174242425 0.13258522727275
0.7305555555555 0.277777777777833
0.339455782312857 0.133503401360571
0.35833333333325 0.2875
0.651041666666712 -0.0958333333333375
0.548063973063833 0.33381734006734
0.454545454545 0.136363636364
0.85 -0.3
0.40178030303025 0.220409090909
0.227272727273 0.0681818181818
0.3375 -0.04375
0.588888888889 0.172222222222
0.430086580086333 0.107359307359333
0.405 -0.225
0.336111111111 0.15
0.6259259259258 0.1562962962962
0.612391774891667 -0.05014430014425
0.625 0.075
0.325595238095286 -0.0482142857142857
0.43647727272725 0.17806818181825
0.861111111111 0.325
0.222222222222233 0.116666666666667
0.4668750000001 0.1102083333333
0.58977272727275 -0.43737373737375
0.454545454545 0.136363636364
0.744444444444333 0.277777777777667
0.534275793650812 0.0192894345237937
0.5 0.3
0.475 0.3
1 0.933333333333333
0.65 0.425
0.646825396825333 0.150496031746
0.47708333333325 0.060937499999925
0.55833333333325 0.12083333333325
0.6 0.45
0.578571428571 0.3
0.4 -0.4
0.866666666666667 0.266666666666667
0.721296296296333 0.244444444444444
0.575 0.325
0.502207792207818 0.432857142857182
0.1 0.15
0.691351010101 0.318508953168091
0.5 -0.4875
0.844444444444 0.55
0.5166666666665 -0.0340909090911
0.4 -0.0125
0.61840277777775 0.134722222222125
0.4 0.8
0.75 0.8
0.3 -0.1
0.4583333333335 0.2875
0.63 0.11
0.5578138528137 0.29603896103914
0.35 -0.0416666666666667
0.6529166666666 0.2810416666667
0.723611111111 -0.065277777778
0.629166666666667 0.0625
0.5 0.5
0.647727272727222 0.279734848484778
0.736805555555667 0.551388888889
0.9 -0.6
0.558333333333333 0.0518518518518556
0.625 0.45625
0.361111111111111 -0.0388888888888889
0.6281481481482 0.1766666666666
1 1
0.466666666666667 -0.2
0.5 0
0.49791666666665 -0.4
0.502777777777667 0.183854166666667
0.5 0.2
0.305555555555667 -0.1611111111111
0.427777777777667 0.123611111111117
0.566069788797091 0.0815886134068182
0.5 0.625
0.32 0.22
0.75 0.8
0.3541666666665 0.076388888889
0.666666666667 0.333333333333
0.8875 0.1875
0.329629629629667 0.01388888888889
0.4583333333335 -0.04166666666675
0.574074074074167 0.06064814814815
0.875 -0.025
0.513756613756667 0.225925925926
0.1875 0.2125
0.1 0
0.458333333333375 -0.065625
1 1
0.666666666666667 -0.05
0.505555555555667 0.191666666666667
0.5 0.25
0.666666666667 -0.333333333333
0.495486111111 0.292013888888875
0.419209956709929 0.172456709956714
0.6333333333334 -0.02
0.5190476190476 -0.0279761904762143
0.577777777778 0.00833333333333334
0.743367346938714 -0.192857142857143
0.625132275132 0.240211640211467
1 -1
0.95 0.283333333333333
0.4683333333334 0.07833333333326
0.75 0.5
0.291666666667 0.0833333333333
0.4689814814815 -0.0208333333333333
0.866666666667 -0.5
0.3 1
0.30119047619035 0.142857142857
0.4886363636365 0.549715909091
0.796875 0.271875
0.61636904761925 0.33869047619025
0.665 0.00874999999999999
0.6 0
0.636501377410364 0.366253443526091
0.416666666666667 0.208333333333333
0.436111111111 0.144444444444333
0.2505411255415 0.09956709956725
0.38978174603175 0.133378427128467
0.740151515151545 0.0875
0.482867132867154 0.142744755244769
0.54583333333325 -0.16458333333325
0.785714285714 0.408854166667
0.383333333333 0.1
0 0.375
0.606851851851833 0.364166666666667
0.4 -0.05
0.640625 0.2609375
0.51833333333325 0.3025
1 0.85
0.4 -0.3625
0.4 -0.3
0.33333333333325 0.20208333333325
0.398402297107607 0.0130355210266464
0.452380952381 0.245238095238
0.3 0.075
0.658562599681053 0.183632376395542
0.597938172938077 0.176947080697104
0.438880167451586 0.0462585034014286
0.6390625 -0.0703125
0.480343760182474 0.0946399478657419
0.5 -0.01484375
0.5724074074074 0.258148148148133
0.569412878787864 0.273049242424195
0.8125 0.358333333333325
0.475501172438667 0.253546416546429
0.526767676767667 0.283648989899
0.4742063492065 0.1714285714285
