0.694444444444 0.318181818182
0.436111111111333 -0.0972222222223333
0.5007575757575 0.314393939394
0.0666666666667 0.0333333333333
0.435023148148167 -0.0485395622895556
0.611111111111 0.266666666666667
0.4 0
0.3747835497835 0.2599499458875
0.483333333333333 0.00416666666666667
0.62523932706861 0.0690163833456261
0.258333333333333 -0.0166666666666667
0.57916666666675 0.44166666666675
0.51893707483 0.269243197279
0.521111111111 -0.111666666666667
1 0
0.599912309912308 0.0764031801532231
0.696875 -0.128125
0.375 0.158333333333325
0.69375 0.25625
0.35 0.25625
0.74479166666675 -0.00937500000000001
0.443968253968286 -0.158730158730143
0.430947712418294 0.0637908496732
0.42127651515153 0.03883712121217
0.6 -0.3
0.4781565656565 0.0433080808080833
0.6 0.366666666667
0.478422619047625 0.1587797619048
0.4700336700335 0.174158249158367
0.607575757575692 0.408522727272692
0.445705782312929 0.195269982993193
0.587820552463315 0.154714491857406
0.514102564102538 0.2875
0.5375378787878 0.244053030303
0.5339015151515 0.1707954545455
0.417361111111167 0.08680555555555
0.5491576479076 0.237356421356439
0.429456654456642 0.0858669108668333
0.4575 0.2440625
0.5268034511785 0.0988026094276
0.68541666666675 -0.208096590909
0.9 0.6
0.484848484848333 0.240151515151667
0.803125 0.31015625
0.406830206830243 0.285362554112557
0.512962962963 0.172222222222222
0.6397222222222 0.0372727272728
0.623947811447667 0.290193602693583
0.34166666666675 -0.016666666666675
0.3833333333335 -0.0875
0.484075126262537 0.163486426767762
0.385142045454625 -0.0833428030303875
0.6 0.555952380952429
0.7473809523809 0.263630952381
0.5 0.152777777777833
0.4575555555555 0.19897222222223
0.3383116883118 0.09768398268408
0.85625 0.28125
0.425 -0.15
0.4666666666666 0.191388888888847
0.414814814814833 0.18194444444445
0.5954545454546 -0.11136363636364
0.35 0.15
0.525 0
0.583122895622833 0.0969276094276667
0.535714285714 0.446428571429
0.5416666666665 -0.15
0.95 0.6
0.151515151515 0.0454545454545
0.8125 0.175
0.666666666666667 0.433333333333333
0.5772727272725 0.130681818182
0.41502976190475 0.076227678571475
0.450730519480485 -0.117759324009308
0.283333333333 0.155555555556
0.670909090909 0.334090909091
0.389814814814778 0.206790123456778
0.567857142857143 0.289285714285714
0.381129476583909 0.192217630854091
0.63 0.3
0.584382716049444 -0.0225308641975222
0.35 0.225
0.4917592592592 -0.05370370370366
0.594134199134182 0.18420995671
0.47222222222225 0.345138888888917
0.645756172839556 -0.0899691358025222
0.473295454545444 0.328956228956333
0.38385416666675 0.056628787878875
0.3125 0.25
0.536038961039 0.175216450216429
0.514090909090875 0.261034564393987
0.490118822150062 0.0869897637085438
0.5859375 0.1453125
0.549696969697 0.03424242424256
0.447978809256593 0.0209907808240926
0.615909090909 0.3368560606061
0.8 0.6
0.491269841269833 -0.128571428571433
0.472659932659967 0.1800505050505
0.654475308641889 0.236574074074
0.64193722943725 0.0701704545455
0.6278095238096 0.0231428571428
0.428571428571 0.214285714286
0.6411439393938 0.20923236268937
0.57125 0.221666666666662
0.661904761904714 0.219047619047571
0.543181818181667 0.234469696969833
0.509747474747447 0.0640909090909333
0.5 0.55
0.558482683982667 0.0243059163058889
0.307986111111 -0.08819444444445
0.475000000000143 0.0746031746031428
0.551862783680927 0.178738685556876
0.217083333333325 0.05875
0.635479797979667 0.0182828282828333
0.467003367003429 0.248130110630157
0.575 0.42
1 0
0.5769047619048 0.0914880952381
0.405555555555667 0.172222222222233
0.3208333333335 0.06875
0.583163265306143 0.0586734693877143
0.640308641975333 0.275231481481444
0.518262987013 0.12043425324685
0.600177702955444 0.0410563973063889
0.605909090909 0.2297727272728
0.365925925925833 0.196388888888833
0.431944444444333 0.238888888889
0.64375 0.175
0.507969303423609 0.0968319559229091
0.4558333333335 0.09
0.476984126984189 0.342757936507933
0.497222222222167 0.131349206349167
0.618849206349143 0.0878968253968571
0.553354158467791 0.079051882461
0.333350550964273 0.0480544077134636
0.45446428571425 0.14196428571425
0.385018552875714 0.298929344464986
0.533106060606 0.140789141414222
0.613888888889 0.143750000000075
0.5257575757575 0.197727272727333
0.388888888889 -0.0555555555556
0.467361111111167 0.107407407407333
0.330555555555667 -0.075
0.66226325757575 0.316617345328306
0.488704906204889 0.0786868686868889
0.623214285714333 -0.0778521825396667
0.517138888889 0.1695674603174
0.35 -0.15
0.455221861471907 0.132995129870129
0.5644255050505 -0.2870265151515
1 0.25
0.66 -0.0975757575758
0.470503472222125 0.1963368055555
0.690476190476214 0.180952380952357
0.5366113516112 0.128367003367
0.4469696969695 0.459090909091
0.855555555555667 0.394444444444333
0.551515151515 -0.0656565656563333
0.305555555555667 0.104166666666667
0.387962962963 0.125925925925889
0.644963924963857 0.309473304473286
0.563095238095167 0.234871031746033
0.513636363636333 0.084090909091
0.516478835978727 0.0627830687830933
0.525833333333375 0.036805555555625
0.618412698412571 0.0992063492063143
0.4939682539682 -0.13444444444438
0.539299242424167 0.0421717171718333
0.26988636363625 0.190340909091
0.584853896104 0.0406615259741
0.1375 0.05
0.460419637552 0.0602688651218118
0.54 -0.2
0.499170274170286 0.144949494949487
0.521900553150444 0.188994107744078
0.4249302549302 -0.05684764309758
0.852380952381 0.142658730158714
0.6625 0.03472222222225
0.576014109347222 0.0208443562610333
0.649691358024556 0.345302854938278
0.35873015873 0.259523809523829
0.25 -0.2
0.673859126984083 0.309002976190525
0.775 0.175
0.5330519480518 0.0944155844156
0.373094729344688 0.08515625
0.505 -0.05375
0.396464646464556 0.117087542087556
0.497641594516643 0.153900613275643
0.563838383838333 0.264318181818333
0.4429365079364 -0.0987301587302
0.3151515151514 0.1436363636366
0.650909090909 0.2447727272728
0.397777777778 -0.171111111111
0.626170798898 0.495351239669455
0.46165824915825 -0.004440235690325
0.461979166666625 0.43203125
0.508333333333333 0.410416666666667
0.25 -0.3
0.362550705467333 0.146725088183376
0.3296875 -0.0578125
0.498280423280444 -0.0674603174603333
0.46 -0.37
0.4466675685425 0.1118822150072
0.691461038961 0.170393668831375
0.35927188552175 0.200876473064012
0.462619047619 0.224285714285667
0.5329365079364 0.3978571428572
0.40595238095225 0.0464285714285
0.388183922559 0.13267045454545
0.4166666666665 -0.2833333333335
1 -0.5
0.49529558982675 0.123229293493125
0.540347222222192 0.0861805555555833
0.508426452020125 0.0116650883838
0.601537698412713 0.128968253968125
0.4941666666665 0.072651515151425
0.619333333333333 0.30726171875
0.61249999999975 0.2166666666665
0.700549242424167 0.059821654040475
0.414141414141 0.174242424242
0.47 0.15
0.543246083281749 0.151288651824323
0.498263888888875 0.070344065656625
0.4125 -0.0875
0.203484848484825 0.008754734848575
0.49491582491575 0.230946969697
0.593004449254333 0.22355775012025
0.4180303030302 -0.0157575757575
0.777295918367333 0.262244897959167
0.3833333333335 0.2375
0.4625 0.218303571428571
0.53139880952375 0.0886904761905
0.5768055555555 0.186388888888892
0.62916666666675 0.3625
0.47619047619026 0.02411255411256
0.5007575757575 -0.0286616161615
0.848611111111167 0.2421875
0.504025974026 0.272332251082278
0.57215007215 0.133152958152857
0.546590909091 0.1996212121212
0.519696969696857 0.0801948051948571
0.669047619047714 0.188095238095286
0.75364583333325 0.59114583333325
0.3125 -0.146875
0.590545454545467 0.215861952862
0.4586442550505 0.125456123737412
0.5276515151515 0.017613636363725
0.650982142857125 0.235803571428575
0.595049130763429 -0.0302721088434286
0.47 0.0575
0.49634063852825 0.176156655844175
0.645887445887429 0.380194805194857
0.357142857142814 0.16875
0.395931537598222 0.161630190796778
0.490909090909 -0.0902272727272
0.464087301587225 -0.0169101731601917
0.443575637325558 0.113077952140492
0.336919191919429 0.172734487734471
0.516666666666667 0.175
0.579761904761857 0.390178571428571
0.465 0.1646875
0.502106227106208 0.305311355311308
0.5305555555554 0.3716666666666
0.489886463844889 0.153558063271556
0.657439736189583 0.106592065342083
0.536072261072231 0.302039627039615
0.64583333333345 0.3170454545455
1 0.9
0.659090909090833 -0.0439393939393333
0.564583333333429 0.289434523809429
0.7 0.35
0.381601731601714 0.155194805194857
0.678125 0.075
0.462698412698417 0.105803571428583
0.4895 0.433
0.5419047619048 0.16416666666666
0.466574074074 0.248472222222333
0.4285714285715 -0.1875
0.464931682900375 0.142627164502175
0.71363636363625 0.124368686868775
0.460185185185222 0.105462962962922
0.4258928571425 0.07440476190485
0.473676497114 -0.0683013167387667
0.45 0.57
0.349747474747375 -0.033617424242375
0.4741477272727 0.00505681818186
0.546246556473727 0.1957988980717
0.50578125 -0.004739583333375
0.479298941798889 0.115939153439189
0.4 0.75
0.527685950413182 0.0671315426997273
0.5271807359307 -0.00178030303022999
0.337662337662243 0.143073593073543
0.546078431372588 0.402468852124182
0.485 -0.131875
0.5084175084175 0.26706228956236
0.581324404761875 0.197991071428563
0.7027777777777 0.51500000000003
0.6416666666668 0.14249999999994
0.4421212121212 0.2961363636364
0.5011111111112 0.14500000000006
0.41483428757619 0.224624761439303
0.5 0.5
0.875 0.49765625
0.4 0
0.4457936507938 0.12357142857142
0.551948051948091 0.269398530762182
0.4244166666665 0.12770833333325
0.5533333333334 0.23
0.5621392496393 0.10933621933633
0.34125 -0.06375
0.538909090909 0.31412987013
0.4846153846154 0.1048717948718
0.53333333333325 0.120833333333325
0.4932765151515 0.237736742424375
0.7425505050505 0.11401515151515
0.49105579605575 0.137103512806692
0.655397727272667 0.0981060606061033
0.65 0.35
0.593055555555667 0.273611111111
0.43333333333325 0.08333333333325
0.366548056320818 0.121399602081464
0.675 0.070833333333325
0.5172278338945 -0.358010662177333
0.33616071428575 0.103125
0.812619047619 0.572232142857138
0.349855699855571 0.0397186147187143
0.51063680637535 0.0740177751541773
0.277777777777667 0.247916666666667
0.455147630147462 0.120881895881926
0.500303030303 0.12992424242425
0.532484182484154 0.148726273726346
0.564630681818125 0.2326704545455
0.659848484848333 -0.0878787878786667
0.5 0.4
0.4523106060606 0.13098484848483
0.44416666666674 0.3141666666666
0.47674242424238 0.10532828282828
0.500649350649286 -0.0555194805194286
0.528571428571429 0.0188492063491429
0.325757575757667 0.0450757575756667
0.638055555555525 0.308030303030333
0.533333333333333 0.075
0.236111111111 0.14166666666665
0.4870995670996 0.17798701298708
0.822222222222222 0.366666666666667
0.59848484848475 0.159406565656625
0.25181318681322 -0.01
0.427267573696143 0.148299319727857
0.572222222222167 -0.0338541666666667
0.548979591836714 -0.0477324263038143
0.385317460317386 0.193253968254
0.548390151515125 0.046867108585975
1 1
0.50101010101 0.1207070707071
0.34616071428567 0.19074404761901
0.6154545454546 0.2786363636364
0.32 0.18
0.585714285714286 0.151190476190429
0.554160654160589 0.246909571909622
0.43083333333326 0.02
0.369276094276078 0.167171717171778
0.359660894660814 0.127207792207857
0.489913520121833 0.152692851130392
0.451620370370375 0.253587962963
0.412554112554 0.118290043290143
0.625 -0.3333333333335
0.532591218305429 0.115279066171857
0.4741666666666 0.2675
1 -0.666666666667
0.280086580086333 0.086525974026
0.766666666667 0.1
0.473768939393875 0.033207070707
0.375 0.25
0.5458964646465 0.149905303030375
0.395039682539667 0.0511243386243
0.3375 0.13333333333335
0.3445868945869 0.271011396011446
0.46 -0.06
0.637468434343437 0.197750946969706
0.625788184879 0.185427188552242
0.48928571428575 0.178125
0.500005814291571 0.0193084032369557
0.580952380952333 0.26507936507945
0.25 -0.166666666667
0.6344545454546 -0.05661363636364
0.37321428571425 0.21696428571425
0.589919507575688 0.15473800505055
0.534763569763539 0.0986641136640769
0.409624017957256 0.228535353535333
0.482598204264778 0.293131313131344
0.5665151515151 0.1292045454546
0.702435064935 0.204891774891857
0.409523809523833 -0.127777777777833
0.54678030303025 0.329971590909
0.5472601010101 0.2617613636364
0.4760363374 0.107677423586436
0.541666666666667 0.0805555555556667
0.507738095238143 -0.0717261904761428
0.4781944444444 0.0843055555555
0.303823953824143 0.0663059163058286
0.452956349206333 0.163452380952381
0.306828703703667 0.0680555555555584
0.507539682539714 0.302813852813857
0.575 0.475
0.504471380471467 0.111030303030262
0.5366666666666 0.053125
0.58616071428575 0.357053571428625
0.5327777777778 0.1904166666668
0.697222222222167 0.231597222222167
0.440625 0.166145833333337
0.566666666666667 0.333333333333333
0.534328737106333 0.182227032227222
0.75 0.303125
0.572222222222222 0.276725589225667
0.5533333333334 0.00833333333326
0.383095238095286 0.155793650793714
0.601083754208667 0.06306818181825
0.44583333333325 0.21136363636375
0.418639455782386 0.0419614512471429
0.4911111111112 0.0488888888888
0.595867768595 0.207799586776891
0.50708333333325 0.388020833333325
0.340800865800857 0.0555735930736143
0.592380952381 0.260963203463173
0.536979166666662 0.28125
0.5165367965368 -0.0149377705628
0.464370265151375 0.00324337121212499
0.526339285714125 0.162239583333375
0.585463728190909 0.210123966942245
0.5704545454546 0.1059090909092
0.49247921390781 0.0880527210884381
0.542592592592556 0.195370370370333
0.2566666666666 -0.0658333333334
1 -0.08333333333335
0.47160493827165 -0.0396604938272
0.48159722222225 -0.182013888889
0.542261904761857 -0.0660714285714286
0.6932142857142 -0.0417857142858
0.5977344877344 0.3040981240982
0.54613095238093 0.3578645833333
0.3880952380952 0.2133333333334
0.543777056277 0.0499188311687857
0.233333333333333 -0.0958333333333333
0.45 0.244949494949667
0.7833333333335 -0.0166666666665
0.459647495361857 0.0635745207174429
0.554166666666667 0.0984848484848889
0.448148148148 -0.0157407407405
0.599594155844167 -0.0345471079845583
0.24583333333325 0.0125
0.552380952381 0.0316137566137667
0.55 -0.3
0.45135732323225 9.46969696874987e-05
0.657407407407333 -0.233333333333333
0.694387755102 -0.0413265306122857
0.448571428571429 0.266493506493543
0.2547474747474 -0.0209090909091
0.4262878787878 0.10462121212127
0.464935064935 0.204004329004386
0.44133522727275 -0.01640151515155
0.499305555555625 0.233333333333375
0.557417929292833 0.105176767676825
0.423637040043125 0.0117517248376875
0.324526515151463 0.1670454545455
0.404924242424167 0.0810606060606667
0.5146666666666 0.202625
0.3997997835497 0.17345779220783
0.5784848484848 0.284292929292896
0.702711640211667 0.157738095238167
0.427936507936515 0.0564957264956923
0.579545454545333 0.162405303030333
0.291193181818037 0.13232323232325
0.642634680134667 0.198947811447811
0.85 0.25
0.619523809523857 0.284940476190429
0.607671957672 0.281746031745933
0.428823953823917 0.141934223184217
0.665354090354 0.131272893772892
0.387914862914886 0.0939935064934143
0.451025883838419 0.171654604076431
0.617482517482538 0.0487944347319077
0.4889745670995 0.304504870129913
0.486868686868667 -0.076231060606
0.649957912457917 0.0520359848484833
0.558843537414857 -0.219387755102
0.466666666666667 0.1
0.49500511063 0.162471440596417
0.539320987654444 0.0361419753086667
0.393939393939 0.193181818182
0.3221212121212 0.1269696969698
0.4642424242422 -0.0402272727272
0.3708333333335 -0.0541666666665
0.5955555555554 0.3636363636364
0.624999999999833 0.346875
0.68375 -0.03375
0.53125 0.0375
0.384259259259283 0.0949074074073333
0.4633333333334 0.24333333333334
0.730246913580333 0.349074074074
0.520512820512846 0.197552447552462
0.470692640692545 0.1956277056277
0.5201388888888 0.1143055555555
0.5375 0.33090277777775
1 0.75
0.85 -0.45
0.582107843137194 0.364705882352982
0.56363636363625 0.00909090909100001
0.7177777777778 0.00555555555560001
1 -0.5
0.5545454545455 -0.186422821969833
0.4465029761905 0.194419642857125
0.5044444444446 -0.0266666666666
0.643512205387222 0.333575336700333
0.527983405483429 0.1509505772006
0.567388167388143 0.0221410533910429
0.526969696969675 -0.09863636363625
0.5205644355644 0.0769696969697
0.4 0
0.420246975247 0.0373905261406308
0.444414141414133 0.100720538720533
0.5927083333335 0.19270833333325
0.6516666666666 0.3433333333334
0.433603896103714 0.0627547799424
0.489365079365 0.22047619047606
0.453914141414167 0.01609848484855
0.675 0.15
0.5825925925926 0.29518518518516
0.49633116883118 0.25906204906206
0.562202380952375 0.064583333333375
0.354112554112333 -0.0151948051947
0.541477272727125 0.122916666666875
0.668431372549059 0.193627450980353
0.529761904762 0.339285714285714
0.588616071428563 0.143043154761944
0.6935714285714 0.2185714285714
0.3374661796535 0.151440746753237
0.429375 0.04375
0.453125 0.123263888888833
0.4652272727272 0.15035984848487
0.610119047619071 0.190178571428571
0.4092592592593 -0.0111111111111111
0.616087962963 0.103609006734042
0.3541666666665 0.28125
0.554929911358429 0.203396206967624
0.688968253968143 0.0576190476191428
0.4621212121212 0.361846590909
0.50625 0.172916666666675
0.587121212121273 0.0136363636363364
0.5166666666665 -0.15
0.5625 -0.0234375
0.277777777778 0.0555555555553333
0.4625315656565 0.053898358585925
0.5249458874458 0.02932900432908
0.509444444444333 0.168333333333333
0.444366744366669 0.148822843822869
0.567016317016308 0.113886946387
0.4916666666665 0.130859375
0.4815714285714 -0.1241071428572
0.6157196969695 0.077935606060625
0.41953493265983 0.117367424242433
0.633333333333333 0.466666666666667
0.6495265151515 0.183142459753875
0.518518518518556 0.288271604938333
0.2 -0.0333333333333333
0.545886644219967 0.0543532547698889
0.5 0.5
0.459975606404143 0.0961124853982428
0.530776515151375 0.3089204545455
0.471681096681 0.159172077922143
0.454545454545 0.136363636364
0.783333333333375 0.244791666666625
0.482809967810077 0.010226995227
0.394047619047667 0.133333333333333
0.484253246753286 0.2025974025974
0.6574074074075 0.5666666666665
0.622139362373794 0.0694286616161938
0.597916666666625 0.0359375
0.5914478114478 0.1257954545454
0.514186507936429 0.285714285714309
0.48726325757575 0.237168560606087
0.4916666666666 0.04
0.6587878787878 0.2973232323232
0.366287878787909 0.20625
0.499249438832833 0.278949214365833
0.462229437229429 -0.0550541125540714
0.231944444444433 0.116666666666667
0.603434343434333 -0.2830808080808
0.499116161616091 0.0559573002755091
0.454166666666667 0.0597222222223333
0.424810606060588 0.106818181818225
0.621515151515 0.0204545454546667
0.22 0.2
0.4984375 0.321875
0.500962722462667 0.0796705146705333
0.2915404040405 0.09343434343445
0.371031746031714 -0.036507936508
0.518235930736 0.215530303030333
0.56 0.26
0.565909090909 0.2072727272728
0.426641414141444 0.149242424242389
0.538346123573364 0.244264479207727
0.416666666666671 0.361904761904714
0.587710437710333 0.254229797979889
0.646646607360871 0.323100907029572
0.529836678473 0.157037583628636
0.6032954545455 -0.0323863636363175
0.5011363636365 0.334090909091
0.327588383838333 0.137651515151589
0.578125 0.115625
0.59577922077925 -0.056818181818
0.8166666666666 0.21
0.578323412698417 0.012702922077975
0.461111111111 0.088888888889
0.641666666666712 -0.0342013888888375
0.545454545454545 -0.0318181818181818
0.7791666666667 0.44500000000003
0.566323953823909 -0.0237086776858637
0.541245791245778 0.265930134680222
0.833333333333333 0.383333333333333
0.8 0.040625
0.404255952381 0.1715625
0.7264285714286 0
0.542727272727182 -0.00674242424245455
0.566666666666667 0.358333333333333
0.495833333333333 0.193181818181833
0.448172514619895 -0.113322368421053
0.480387205387 0.251430976431033
0.572222222222233 0.366666666666667
0.5843434343434 0.25863636363636
0.677777777777667 0.0222222222223333
0.556317807706778 0.0267255892256444
0.504988425925833 0.364606481481508
0.6 0.545454545454667
0.383888888888833 0.172083333333333
0.518209876543222 0.339506172839556
0.466245791245778 0.107744107744067
0.5988869265655 0.0415915433772607
0.362542087542 0.0920033670034445
0.371875 -0.0274305555556
0.57222222222225 0.0223958333335
0.46472222222225 0.00541666666666666
0.620299422799333 0.280867604617583
0.572222222222 0.16555555555556
0.929166666666667 0.5
0.763758116883125 0.239752435064925
0.85 0.4
0.536562049061929 0.146563852813907
0.530795454545417 0.160495580808142
0.65277777777775 0.409375
0.5499777537278 0.00626232563727001
0.4799567099566 0.2231060606062
0.479629629629667 -0.0274305555555556
0.522767857142875 -0.021875
0.391132478632462 0.136752136752154
0.560085001803812 0.179447375541125
0.529720279720154 0.267249417249446
0.684166666666667 -0.151388888888833
0.577542517006786 0.185739795918393
0.49679082491575 0.2096275252525
0.643201754386 0.0251918859648947
0.486825396825429 0.0512698412698571
0.7 0.508333333333333
0.352142857142857 0.184166666666671
0.6 0.4
0.2125 -0.0125
0.532787698412625 0.28382936507925
0.5772727272725 0.2852272727275
0.536038961039 0.0329120284478286
0.446362433862444 0.201686507936556
0.566604823747714 0.280797773655
0.442216117216143 0.110439560439557
0.447808641975313 0.255000000000067
0.3266666666667 0.1475
0.7125 0.1875
0.454545454545 0.136363636364
0.3874494949494 0.24598484848478
0.612115384615385 0.324807692307669
0.551763085399455 0.316287878788
0.875 0.825
0.54848484848475 0.233712121212125
0.6216666666666 0.375
0.569047619047667 -0.1490234375
0.723347107438 0.343595041322345
0.533518518518417 0.101689814814808
0.478087388801714 0.2005442176871
0.424053030303 0.170028409090912
0.4 0.2
0.5433333333334 0.16
0.392816182659917 -0.000709926647448747
0.7 0.4375
0.13333333333335 0.1
0.463277000777 0.261140248640308
0.45060606060607 0.2363636363636
0.307171717171667 0.0901688762626666
0.453030303030143 0.183766233766286
0.646428571428571 -0.0162337662337143
0.2952380952381 0.2833333333333
0.545562770562714 0.291883116883143
0.5036666666667 0.11008333333333
0.678409090909091 0.297159090909091
0.533333333333333 0.116666666666667
0.4848268398268 0.182052218614733
0.531523569023556 0.164225589225633
0.42 0.0322916666666
0.64829545454525 0.3941761363635
0.625 0.4
0.678571428571429 0.3051948051949
0.522586769955211 -0.00432046024152632
0.470116713352 -0.0191211484594118
0.3 1
0.493062613714709 0.214005740636217
0.467912457912333 0.0817803030305
0.547550204425208 0.162078222703242
0.409259259259167 -0.0773148148148333
0.5 0.0625
0.4960714285714 0.1872077922078
0.511381673881667 0.209075877826017
0.552116402116333 0.208597883597778
0.5257575757575 0.297159090909167
0.5625 -0.4375
0.4275757575758 0.0041477272728
0.53472222222225 -0.03472222222225
0.633333333333286 0.116666666666714
0.2 0.5
0.33666666666667 0.0583333333333
0.779377104377 0.559090909091
0.8375 0.5375
0.3420454545455 0.1405303030303
0.4271428571428 0.3171428571428
0.491584967320235 0.282291666666647
0.529166666666667 0.195833333333333
0.346825396825455 0.174695001967755
0.486385836385823 0.0589285714286154
0.533879870129818 0.167996031746014
0.597857142857143 0.052619047619
0.525 0.251640625
0.415 0.295
0.6125 0.05
0.624166666666667 0.283611111111167
0.5 0
0.55916666666664 0.1317850378788
0.621428571428571 0.384523809523757
0.478679653679571 -0.0503246753245714
1 0
0.630419272085889 0.266979316979278
0.6083333333335 0.1333333333335
0.53333333333334 0.21
0.261111111111333 0.061111111111
0.299173553719 0.0958505509642182
0.418939393939364 -0.0417699724517273
0.363848911505038 0.0995911495911681
0.608909090909 -0.1157272727272
0.306904761904714 0.0728571428571429
0.616576479076417 0.316190927128475
0.317857142857 0.142857142857
0.718888888888833 0.309027777777783
0.476609848484875 0.293087121212125
0.613419913419857 0.0597402597402857
0.7541666666666 0.4345833333334
0.859523809523857 0.0886363636363572
0.4860606060606 0.21150568181818
0.420909090909 0.1672727272728
0.5416666666665 0.278125
0.67222222222225 -0.148263888889
0.398106060606 0.1348484848485
0.553977272727273 0.328409090909091
0.487002840909125 0.0306581439393875
0.400665748393 0.190742653810818
0.476839826839857 0.228210678210714
0.581168831168814 0.394291125541143
0.6305555555555 -0.258333333333333
0.5919047619048 -0.03511904761912
0.456238095238113 0.0603492063492
0.4626233766236 0.19691558441556
0.283333333333575 -0.17291666666675
0.594047619047714 0.0523809523809
0.549027777777786 -0.111488095238071
0.5916666666665 -0.0208333333335
0.551785714285714 0.225
0.0625 -0.0125
0.611936507936467 0.351658730158733
0.713492063492111 0.485515873015889
0.410984848484713 0.243181818181875
0.487037037037 0.198148148148111
0.403524531024545 0.100822510822455
0.5747402597402 0.14841450216455
0.419886363636375 0.16065340909095
0.653904428904428 0.361684149184229
0.466428571428571 0.0835714285714286
0.370594582185482 0.020785123967
0.50875 0.03875
0.8636363636365 0.427840909091
0.695 0.5268333333333
0.4954999999999 -0.000750000000000006
0.563555194805187 0.214950847763362
0.425 0.0324074074074111
0.783333333333 0.333333333333
0.726363636363667 0.223670033670333
1 0
0.573375120250083 0.316841405122639
0.489980158730188 0.219171626984125
0.454545454545 0.136363636364
0.508970385674818 0.184010560147
0.527443181818337 0.234962121212125
0.534172077922 0.173674242424357
0.555 -0.0563888888888333
0.522727272727167 0.191666666666833
0.508216783216769 0.304195804195846
0.5546969696969 0.129659090909135
0.4297023809526 -0.06696428571428
0.545502645502667 0.193121693122
0.294276094275833 0.0757365319866167
0.46815476190475 0.118154761904762
0.511305361305385 0.105448717948746
0.507354797979667 0.011268939394
0.59947691197675 0.298588564213625
0.9 0.1
0.483280423280444 0.220687830687811
0.491782407407333 0.279050925926
0.44805385586625 -0.00577605987758124
0.3571212121212 0.12113636363636
0.588888888889 0.333333333333333
0.3091865079365 0.0639285714285667
0.6559090909091 0.091856060606
0.4661111111108 0.2952777777778
0.522032227032222 0.0809932659931889
0.607792207792143 0.387337662337714
0.4595 0.0321666666666
0.438311688311671 0.317640692640714
0.59722222222225 0.503472222222225
0.4172943722942 0.0797835497836
0.63 0.3845833333334
0.550505050505 0.1943181818183
0.57827380952375 0.25758928571425
0.451785714285714 0.217857142857143
0.441377314814833 0.033159722222275
0.5264545454545 0.1199318181818
0.475 0.175
0.5514862914864 0.3898665223665
0.672222222222167 0.314583333333333
0.347649572649538 -0.046047008547
0.494444444444567 0.416666666666767
0.5 0.0333333333333333
0.544444444444667 0.180555555555667
0.409200336700222 0.0799915824915822
0.511967073330818 0.150559368030909
0.521212121212 0.3058712121212
0.581283068783111 0.211375661375633
0.4 0.0208333333333333
0.41458333333325 0.22083333333325
0.4613762626262 0.11553030303035
0.404166666666675 0.18125
0.727204585538 -0.168871252204667
0.6 -0.0083333333335
0.49166666666675 0.029166666666675
0.617547225501727 0.0150531286895454
0.563888888888833 0.1930555555555
0.604513888888833 -0.0489583333333333
0.59431818181825 -0.097159090909
0.646494708994725 0.114285714285742
0.518894830659471 0.103915998217471
0.351363636363636 0.156212121212091
0.7794444444446 -0.325
0.404252845919556 -0.0342312008979
0.50670995671 0.260822510822667
0.627974186307556 0.226262626262667
0.62343434343425 0.148308080808081
0.46875 0.3125
0.338068181818125 0.100378787878875
0.495486111111 -0.08854166666675
0.458333333333333 0.291666666666667
0.36 0.55
0.402380952381 0.205952380952429
0.590808596165764 0.171387987012986
0.389682539682667 0.180555555555667
0.524206349206333 0.13924062049065
0.4267045454545 0.27301136363645
0.533333333333333 -0.166666666666667
0.513034188034154 0.336987179487208
0.561544011543909 0.278571428571364
0.658333333333333 0.328472222222283
0.263888888889 -0.00277777777766667
0.579166666666667 0.0729166666666667
0.503281325156333 0.05181277056275
0.496002395040846 0.188018338499154
0.474074074074111 0.184595959596
0.624708624708615 0.339627039627077
0.55 0.116666666666667
0.455951561065246 0.00124253902669999
0.538888888889 0.105555555555567
0.5694444444445 0.25
0.6090043290042 0.2550216450218
0.622727272727222 0.0739478114478889
0.41571428571418 0.240644841269833
0.325 0.2833333333335
0.534375 0.208333333333333
0.281630291005283 0.222172619047608
0.654247334455556 0.158978675645344
0.404135101009875 0.039180871212125
0.715987654320889 0.288410493827222
0.4704004329005 0.2016436688311
0.583320600967647 0.130780494015824
0.60291666666675 0.22
0.56516774891775 0.13851461038965
0.545833333333333 0.26875
0.508953168044091 0.217114325068982
0.380303030302925 0.059090909091
0.4666666666665 -0.0388888888889
0.50241582491575 0.163956228956233
0.54675925925925 0.187215909090917
0.80625 -0.3875
0.538076073232313 0.100734887941812
0.600672348484875 0.187253787878838
0.525 0.095
0.494841269841286 0.131349206349143
0.7125 0.366666666666667
0.399714023350518 0.251117670208573
0.6 0.5
0.496969696969692 -0.0357808857809231
0.530208333333333 0.2100694444445
0.307070707070567 0.112121212121333
0.375 0.2
0.4732954545455 0.0926136363636667
0.71098484848475 0.318087121212125
0.695400432900333 0.2108225108225
0.6104938271605 0.1131944444445
0.475757575757667 0.585227272727333
0.3794404761904 0.0709226190476
0.53192303992302 0.160754689754667
0.559848484848333 -0.046212121212
0.54416666666675 0.0641666666666575
0.504166666666571 -0.133712121212156
0.4339545454545 0.0431363636364
0.5492424242425 -0.000852272727275003
0.490909090909 0.1431818181822
0.5947402597404 0.32673160173166
0.549999999999875 0.258694365530319
0.508200757575712 0.151908143939487
0.4 -0.3
0.45833333333325 0.466666666666675
0.489725829725844 0.190139971139966
0.95 -0.15
0.458591408591362 0.0694638694638231
0.6103535353536 0.26178661616168
0.5132575757575 0.114393939394
0.745909090909 0.1172727272728
0.5714285714286 -0.20380952380946
0.49375 0.025
0.5466435185185 0.359606481481417
0.344444444444333 0.0333333333333333
0.45 0.32
0.57788825757575 0.10800189393935
0.36982323232325 0.17462121212125
0.57 0.42
0.2065151515152 -0.0695454545454
0.266666666667 -0.0833333333333
0.7208333333334 0.2454166666666
0.535260770975143 0.0658163265305286
0.454166666666667 0.159635416666667
0.560395622895533 0.271914983165007
0.50848484848466 0.0145454545456
0.427618016903714 0.0857589500446809
0.865476190476 0.0113095238095
0.499679487179333 0.167521367521333
0.589502164502143 0.186181006493429
0.519797979797909 -0.201616161616182
0.427380952380957 0.14375
0.440404040404 0.0558712121213333
0.487803965581889 0.0473905723906667
0.514658135981706 0.156095620066235
0.36202020202 0.3422727272728
0.659307359307286 0.291842532467571
0.377443181818125 0.073156565656625
0.4258333333333 0.17
0.504851190476187 0.117261904761881
0.515367965368 0.327435064935143
0.5430555555555 0.3611111111111
0.4370952380952 0.03873809523813
0.431962699609782 0.105331031985488
0.530063795853263 0.181519138756
0.438888888889 0.0444444444443333
0.5035714285715 0.37678571428575
0.7310000000002 0.540888888889
0.439742141916074 0.0491871353284348
0.47678571428575 -0.027083333333325
0.52045454545445 0.33030303030305
0.5269191919192 0.2282053872054
0.552083333333333 0.160416666666667
0.439583333333425 -0.075
0.48394373737372 0.039763333333348
0.5694444444445 0.08194444444445
0.55 -0.03125
0.664550264550222 0.0634920634921
0.4226515151515 0.1516003787879
0.8 0
0.522507122507111 0.108119658119656
0.587268089053714 0.171103896103921
0.4254761904762 0.0521428571428
0.725 -0.075
0.666666666666667 0.133333333333333
0.708333333333333 -0.0772727272726667
0.412059699559633 -0.0363215488215
0.206966991342 0.0934253246752
0.578189792663526 0.0474481658692526
0.30208333333325 0.01875
0.440920256991714 -0.0536753590325
0.583482142857125 0.314717261904725
0.520370370370333 0.392592592592556
0.7925925925925 0.352777777777833
0.3458333333335 0.00416666666674999
0.540108225108143 0.392770562770714
0.484100926355419 -0.0554496991297906
0.624663299663222 0.239898989898989
0.574203574203462 0.163714063714154
0.581768077601333 0.370296884185768
0.3819444444445 0.00902777777783333
0.19375 0.08125
0.316666666666675 0.25833333333325
0.53030303030275 0.174715909091
0.482805325987 0.131198347107545
0.534313725490141 -0.0915032679738824
0.725 -0.0125
0.4759070294785 0.224801587301538
0.615909090909091 0.377746212121182
0.423932780182792 0.0971801346801708
0.671139971139857 0.0222943722944714
0.45 0.3625
0.51117216117225 0.202083333333425
0.5046176046175 0.161047979797867
0.366600529100617 0.199470899470883
0.559090909090833 -0.0439393939393333
0.5553571428571 -0.0177272727273
0.888888888889 0.5
0.36499999999994 0.21125
0.4389437229438 0.3645497835498
0.44583333333325 0.15104166666675
0.4094365079365 0.1576547619047
0.5433333333334 0.0241666666666
0.445578231292571 0.0355017006803286
0.49962121212125 -0.034150094696875
0.447727272727273 0.0689393939393636
0.405068542568582 0.162175324675364
0.6007575757575 0.083143939394
0.375722789115714 0.0683673469387714
0.607159090909083 0.250956439394025
0.440913600288667 0.0410939754691167
0.35 -0.025
0.548148148148117 0.0777777777778333
0.446666666666667 0.349563492063513
0.490820707070665 0.3683712121212
0.551818181818 0.2015151515154
0.5319444444445 -0.03020833333325
0.683089441422889 -0.0484848484848889
0.5349206349205 0.12862723214285
0.5199585137085 0.0315273268398167
0.357142857143 0.0190476190476667
0.7265625 -0.3671875
1 0.85
0.549382716049333 -0.0197530864197778
0.525830419580385 0.194041375291385
0.57900432900425 0.1882846320345
0.7083333333335 0.2497395833335
0.542442279942333 0.194349747474717
0.65 0.35
0.33888888888875 -0.09583333333325
0.475 0.08125
0.392424242424333 -0.0564393939393333
0.490380658436205 0.0289351851851833
0.563016528925455 0.131404958677818
0.466666666667 0.775
0.5658170995671 0.216517857143
0.551082251082182 0.204329004329
0.54532377344875 0.133968310335575
0.49507575757575 0.073106060605975
0.484226190476143 0.149107142857143
0.85 0.35
0.462005124505077 0.155269730269769
0.436111111111 0.1555555555555
0.4375 0.219642857142857
0.541666666666714 0.0389880952381
0.55 0
0.384090909090714 0.0411796536797143
0.753968253968143 -0.0563492063491429
0.5766666666666 0.09363636363636
0.4219696969695 0.260653409091
0.635906298003065 0.121121351766484
0.58541666666675 0.10416666666675
0.5455555555555 0.14791666666667
0.542041383219857 -0.0359387755101429
0.608928571428533 0.285386904761933
0.4333333333335 -0.00681818181799999
0.543140495867818 0.249214876033091
0.560970933828 0.245245825602929
0.473202614379041 0.220871530430324
0.624074074074 0.4064814814815
0.3623015873015 0.225198412698383
0.2333333333335 0.5
0.4835353535354 0.1654545454546
0.461904761904714 0.155357142857143
0.577777777777667 0.25
0.452445887445857 -0.0113852813851857
0.558164983164833 0.336616161616167
0.438973063972967 0.368150252525333
0.7 0.05
0.616804407713545 0.261794077135
0.3 1
0.625220458553778 0.496496462642278
0.792857142857143 0.378571428571429
0.3875 -0.1875
0.241388888889 -0.015
0.502380952381 0.357142857142857
0.485012626262625 0.06257124819625
0.611201298701 0.0146103896105
0.3466666666666 0.225
0.590740740741 -0.196990740740733
0.726455026455 0.273809523809444
0.4 -0.15
0.54 0.312
0.420517676767667 0.0651830808081666
0.3542424242422 0.3272727272728
0.480134680134667 -0.271885521885533
0.495202020202143 0.101447510822521
0.641852678571375 0.2287642045455
0.491233766233667 0.12397186147195
0.549999999999925 0.25833333333325
0.671626984127 -0.0974206349206667
0.435251322751333 0.105414261664367
0.393388429751909 0.0493801652892973
0.364015151515333 0.130176767676873
0.5054545454546 -0.10636363636364
0.342171717171713 0.0865214646466
0.811111111111 0.277777777777667
0.596875 0.213888888888917
0.650537845992273 0.209346713892255
0.4 0
0.5375 0.289583333333333
0.3 1
0.3 0.133333333333333
0.556748636850606 0.208358205711536
0.275 0.2
0.416193181818125 -0.181818181818125
0.364520202020222 0.0527356902356556
0.512289915966412 -0.00303428189458823
0.395959595959333 0.047537878788
0.661904761904857 -0.384523809523857
0.534983766233857 0.106060606060714
0.5246666666666 0.1953333333334
0.670370370370333 0.599074074074
0.430555555555667 0.128472222222333
0.460370370370267 0.353101851851867
0.665 0.251666666666667
0.650925925925907 0.160714285714325
0.551984126984 0.414841269841267
0.745833333333375 0.173697916666625
0.4691666666666 -0.05916666666666
0.428599537037 -0.0226273148147881
0.486111111111 0.24305555555555
0.459565434565285 -0.0257201132200769
0.625738916256138 0.251395730706069
0.379797979797889 0.118360690235744
0.564285714285667 0.202777777777778
0.410824765512231 0.159775207431419
0.650909090909 0.0972727272728
0.608689458689444 0.290099715099778
0.666666666667 -0.7
0.390277777777833 -0.111742424242333
0.467063492063429 0.1555555555556
0.55 0.32750000000006
0.415 0.24020833333334
0.3845 0.0679166666667
0.4569444444445 0.451388888888833
0.631955922865 0.320420110192818
0.432354797979833 -0.0160353535352833
0.323611111111 0.0722222222223333
0.72265993266 0.479034090909167
0.35833333333335 -0.01666666666675
0.93 0.61
0.4125 0.015625
0.61363636363625 -0.090909090909
0.5475 0.4228125
0.9 0.875
0.425 0.225
0.376350308642 0.151658950617333
0.45 0.2625
0.487808759867606 0.215414120193535
0.443650793650714 0.184163059163157
0.3212878787878 0.1144696969696
0.4866666666666 0.20583333333334
0.358333333333333 0.0680555555556667
0.55525209578781 0.146885435992595
0.544444444444333 0.0444444444443333
0.6695833333334 0.2190909090909
0.5 0.375
0.5830555555556 -0.1002777777778
0.608210678210643 0.281655844155857
0.8 -0.2
0.69166666666675 0.08333333333325
0.5933333333334 0.0833333333334
0.628298611111125 0.192526041666625
0.492344576719667 -0.0745866402116667
0.4875 0.1125
0.5173076923075 0.5388421474355
0.5630839646465 0.394262941919288
0.5695075757575 0.0616161616161667
0.430902777777833 0.128125
0.670075757575727 0.00568181818181818
0.475 0.225
0.515773809523875 0.061011904761875
0.440056818181818 0.107291666666636
1 0.85
0.4 0.2
0.465375982042667 0.0443041526374445
0.45022727272725 0.193901515151625
0.5581818181818 0.20636363636376
0.409821428571429 0.119412878787929
0.597264309764333 0.213762626262667
0.246759259259283 0.03055555555555
0.50535714285725 0.616709183673475
0.446590909090833 0.0685606060606667
0.4645833333335 0.312760416666667
0.6200072150072 0.18922859547864
0.582233796296333 0.0167245370368917
0.547438364105 -0.0314592814593333
0.2875 0.18125
0.627777777777667 0.00555555555566666
0.65 0.125
0.411075036074929 0.137608225108214
0.35833333333325 0.212239583333338
0.569047619047571 0.344047619047614
0.506162497995816 0.131978114478118
0.405055315055333 0.169132996633
0.55045454545454 0.1986363636364
0.540625 0.246590909091
0.2666666666665 -0.025
0.475213675213616 0.0557692307692308
0.3041666666665 0.1895833333335
0.610314685314692 0.323785936286023
0.603914141414 0.11761363636375
0.4 -0.05
0.627777777778 0.444444444444
0.7443434343434 0.20113636363636
0.418181818181667 0.278787878788
0.4875 0.1433333333334
0.4944444444445 0.151996527777875
0.479629629629667 -0.0601851851853333
0.464376068376069 0.149170940170882
0.570879958615787 0.146586910207224
0.457925407925385 0.129532967033038
0.5407142857142 0.23154761904754
0.8466666666666 -0.0933333333334
0.663625541125571 0.124153138528214
0.52 0.0247916666666667
0.414285714285714 0.178571428571429
0.5 0.3
0.434905834905769 0.0824009324009769
0.454545454545 0.136363636364
0.8 0.85
0.45 0.1
0.469212121212 0.10753030303024
0.484544159544231 0.165242165242169
0.529166666667 0.141666666667
0.544047619047571 0.1077380952381
0.5651515151515 -0.0204545454545
0.41098484848475 0.1357954545455
0.535440340909063 0.15305397727275
0.541646911289619 0.151659022194824
0.666666666667 0.4
1 0.361111111111
0.615859616573929 0.160157119666036
0.624206349206308 0.0687673437673231
0.480952380952429 0.263528138528143
0.5325252525252 0.183153409091
0.4222222222223 0.175694444444486
0.9444444444445 0.816840277777833
0.535003885003923 0.242958430458446
0.526152146464583 -0.0354008838383233
0.6454545454546 0.4248863636364
0.554695279918459 0.107037176613116
0.430555555555667 0.193055555555567
0.493307525807538 0.223529803529832
0.468730158730167 0.1806746031745
0.933333333333 0.625
0.6570549242425 0.183522727272725
0.7979166666665 0.21458333333335
0.572727272727167 0.223484848485
0.657738095238 0.0886904761904286
0.381712962962667 0.1684606481481
0.6235795454545 0.1636363636364
0.541666666667 -0.291666666667
0.4813333333333 -0.11991666666664
0.38541666666675 0.15625
0.5814935064935 0.3126623376625
0.446618857333 -0.114241710670429
0.679458874458857 0.165670995671
1 -0.1
0.6366666666667 0.39375
0.485242733456857 0.0259894867037857
0.551232454414273 0.200750688705273
0.372943722943714 0.122835497835543
0.52487824675325 0.186156204906261
0.5611965811964 0.45829059829064
0.601262626262625 0.373216540404
0.3555555555555 0.0208333333333333
0.727272727273 -0.181818181818
0.524431818181765 0.215518233808706
0.24166666666675 0.2
0.705086580086571 0.418073593073543
0.643367346938714 0.292176870748286
0.5 0.5
0.475 -0.05833333333335
0.6814814814815 0.45260416666675
0.6754545454546 -0.00136363636360001
0.49185897435901 -0.1266666666667
0.6390109890109 0.163644688644692
0.4467261904761 0.2397619047619
0.604861111111125 0.427083333333338
1 0.5
0.552777777777833 0.2194444444445
0.672979797979667 0.335227272727333
0.567513777228095 0.140639490139514
0.59 0.0763636363637
0.1 0
0.596825396825444 0.158201058201111
0.6025 -0.2610714285714
0.425 0.475
0.44333333333325 0.14
0.504761904762 0.226190476190471
0.5927380952382 -0.13696428571429
0.4875 0.2625
0.713597883597867 0.4275992063492
0.675 0.475
0.409995968084176 0.1795183982684
0.5 -0.025
0.615318362193333 0.266296897546867
0.308231213231154 0.220037740037792
0.47139194139177 0.13013736263743
0.746212121212167 -0.006691919192
0.456227954144445 0.271953262786556
0.7 0.45
0.52419191919197 0.19714646464646
0.47598484848475 0.18969539141425
0.486805555555567 0.0972222222222
0.464057239057111 0.115698653198689
0.533333333333333 -0.15
0.368097643097633 0.116077441077478
0.47045454545457 0.0097537878788
0.495 0.2608333333334
0.436228956229 0.22839646464646
0.505064534231167 0.27276936026935
0.577976190476167 -0.207738095238167
0.506818181818125 0.0732954545455
0.435137362637346 0.0717452686202139
0.63014520202025 0.18907828282825
0.65833333333325 0.26458333333325
0.417307692307625 0.232986111110975
0.505387205387111 0.176430976431011
0.634848484848333 0.178787878788
0.454545454545 0.136363636364
0.512130230880286 0.282656926406914
0.825 0.175
0.595959595959333 0.287121212121333
0.619444444444333 0.0479166666666667
0.5239583333334 0.0589583333334
0.2 0.3
0.4375 -0.25
0.47456503813645 0.0157155741084786
0.234318181818 -0.0154545454544
0.576360544217714 0.474872448979571
0.591919191919222 0.454797979798
0.672222222222333 0.380555555555667
0.7133333333334 -0.64
0.4322727272726 0.08387626262624
0.408491161616143 0.0534451659451357
0.587518037518 0.0433165690518824
0.405 -0.0985416666665
0.34052579365075 0.6103422619048
0.7124915824916 0.271434974747487
0.333333333333333 -0.183333333333333
0.6542857142858 -0.02309523809524
0.5023538961039 0.33903950216449
0.453896103896143 0.124025974026043
0.409603174603143 0.254087301587286
0.6976868686867 0.36966161616172
0.497755331088556 0.1902441077441
0.543614718614714 0.152489177489143
0.8 0.558333333333333
0.647380952381 -0.150952380952386
0.692682780182778 0.0894574464887222
0.545265151515 0.2602272727275
0.5745535714285 0.1839285714285
0.560645141895167 0.10986351611355
0.576631701631692 0.181883741258769
0.589797008547167 -0.06127136752145
0.528685897435846 0.157944139194123
0.663675213675231 0.351816239316231
0.39924242424234 0.2072727272728
0.459523809523857 -0.0845238095238571
0.5161111111112 0.0300303819444467
0.472222222222 0.136111111111
0.5708712121214 0.1457196969698
0.595326278659555 0.259292328042278
0.452910477322176 0.0529570211923588
0.542129629629642 0.101041666666667
0.419733044733088 0.066296897546875
0.73863636363625 0.379882812500125
0.590426240426131 0.286471861471923
0.651380471380467 0.27590909090912
0.37682629870125 0.123241341991375
0.636111111111222 -0.143287037037111
0.439971139971091 0.258089826839845
0.666666666667 -0.125
0.325 0.075
0.8 0.6375
0.510909090909 0.124090909091
0.476388888889 0.200607638888833
0.440059609702476 0.00168058132349047
0.418653198653111 0.126031144781222
0.536553030302875 0.284090909091
0.677777777777833 0.280555555555667
0.487037037037033 0.144212962962967
0.4958333333335 -0.1708333333335
0.46377435064935 0.04186147186145
0.520381701631654 0.130710955711
0.464880952381 -0.131646825396825
0.45654641654636 0.2300432900432
0.770909090909 0.5289393939394
0.571944444444417 -0.0525
0.439717813051222 0.135759980760111
0.303787878787727 0.149242424242455
0.416666666666667 -0.0333333333333333
0.577380952381 0.0265873015873
0.484382284382231 0.152622377622462
0.266666666666425 0.157291666666675
0.479166666666667 0.191865079365111
0.597916666666667 0.0645833333333333
0.452777777777833 0.416666666666667
0.422365967366 0.0160705960705923
0.555134680134633 0.392582070707111
0.647222222222167 0.198611111111167
0.529229797979667 0.153977272727333
0.552326839827 0.3037784090909
0.617658730158714 0.183928571428571
0.570012626262625 0.29412878787875
0.375 0.208333333333333
0.443764568764592 0.0164627039626923
0.661904761904714 0.247023809523757
0.402395833333356 0.0451041666666437
0.510465768799 0.2007786195286
0.5 0.125
0.41770833333325 0.03723958333325
0.67987012987 0.0349025974027143
0.547643097643167 0.202151725589275
0.454545454545 0.170454545455
0.456196581196615 0.169444444444462
0.833333333333333 0.626666666666667
0.7375 0.3729166666665
0.508270202020071 0.0747925685425714
0.3442424242424 0.1156060606062
0.65416666666675 0.066666666666675
1 0.8
0.52375 0.0929166666666625
0.577777777777833 0.108333333333333
0.75 0.58125
0.525 -0.05666666666666
0.5622222222222 0.2555555555556
0.580413832199429 0.308269557823093
0.412914862914786 0.310416666666714
0.452946127946078 0.174494949494989
0.437619047619 0.15482142857142
0.403125 -0.28125
0.524007936508 -0.1302444083695
0.65 0.025
0.368181818182 0.178787878788
0.48333333333325 0.50026041666675
0.508792470156091 0.346223599632691
0.410138421249444 0.267527123082744
0.5291666666665 -0.103409090909
0.45883477633478 0.118535353535353
0.408333333333308 0.210363247863215
0.379513888888833 -0.0760416666666667
0.565013774104636 0.273519283746636
0.561111111111 -0.0555555555556667
0.523958333333375 0.05198863636375
0.43333333333325 -0.07083333333325
0.357142857143 0.214285714286
0.33924242424234 -0.0177272727272
0.3666666666666 0.1745833333334
0.6200505050505 0.323737373737375
0.8 0.383333333333333
0.6175757575756 0.1806060606062
0.505844155844177 0.222292291042385
0.3869696969696 0.05575757575758
0.4 -0.03
0.43125 0.2375
0.481635802469222 0.193209876543211
0.526473665223643 -0.0310777417027572
0.3257575757575 0.206060606060667
0.583333333333333 0.316666666666667
0.4916666666666 0.035
0.559375 0.16484375
0.33599999999998 0.02977777777778
0.488839285714213 0.15107886904765
0.5232752525252 0.33479924242425
0.554847374847385 0.115651570651538
0.5 0.25
0.668181818181667 0.283522727272667
0.484615384615388 0.204166666666713
0.534895833333312 0.273437499999956
0.3980714285713 0.2738630952381
0.485714285714333 -0.313095238095333
0.452760169724429 0.131971285989143
0.383333333333333 0.183333333333333
0.732638888888833 0.0267361111111667
0.467505411255455 0.0356060606060909
0.2 0.1
1 0.6
0.573332349468727 0.164477567886691
0.2962962962964 0.031481481481475
0.574877899877923 0.0382326007326154
0.447289682539668 0.0963134920635
0.35 0.1875
0.375510204081571 0.0766581632652857
0.488888888889 0.204166666666667
0.480148071625273 -0.00606921487599999
0.570833333333333 0.235416666666667
0.522051282051231 0.0824358974358461
0.6 0.75
0.5315404040404 0.14898989898993
0.531944444444667 0.0722222222221
0.57613636363625 0.362215909091
0.346666666667 0.153333333333
0.57916666666675 0.42083333333325
0.40416666666675 -0.170833333333325
0.64345238095225 0.229761904761825
0.464935064935 0.252813852813857
0.492507870916909 0.299714679260245
0.679318181818182 0.175227272727273
0.75765993266 0.360858585858667
0.556818181818218 0.191919191919182
0.5214254792825 0.179958256029786
0.523611111111 -0.01805555555565
0.548412698412667 0.269696969696967
0.4821194083694 0.00231060606064
0.525 0.183333333333333
0.63333333333325 0.36875
0.386868686868667 0.0727272727273333
0.545477736549143 -0.101696815089714
0.7 0.133333333333333
0.563425925925889 0.317592592592522
0.5764745670995 0.0743709415584375
0.622619047619 0.1295238095238
0.352083333333375 0.1875
0.555645743145759 0.277897727272727
0.54726731601725 0.14480519480525
0.366666666666667 0.416666666666667
0.4614583333335 0.13229166666675
0.515816326530571 -0.0387755102041428
0.8 0.4
0.447443181818125 -0.0095170454545
0.492708333333287 0.0744791666667125
0.715013774104636 0.215943526170818
0.497471139971143 0.031237373737381
0.50520833333325 0.04791666666675
0.461111111111 -0.1555555555555
0.418681318681308 0.114354395604392
0.717261904762 0.1482142857145
0.37847222222225 -0.038888888889
0.544444444444333 0.3375
0.54125 0.3025
0.45 0.35
0.466486291486143 0.147380018295179
0.566666666666667 -0.05
0.55625 0.090625
0.583173400673333 0.223813131313153
0.54 0.0468181818182
0.454189857761336 0.105627705627714
0.65 0.4375
0.608850408850333 0.45955988456
0.403535353535283 0.0650883838383833
0.54116883116874 0.02816017316022
0.8 0.45
0.3860254329005 0.0759266774891429
0.65 0.15
0.62 0.15
0.5033333333334 0.35
0.494505494505429 0.0507992007992857
0.9 0.8
0.553982683982571 0.180541125541143
0.745 0.15875
0.7002083333333 -0.02270833333333
0.50677774606341 0.0241429968840871
0.442424242424333 0.197727272727333
0.481878306878333 0.2383597883598
0.660527351436455 0.211352875344394
0.24166666666675 -0.15
0.430808080808091 0.249747474747545
0.478958333333375 0.2776704545455
0.495606060606 0.2510984848484
0.558333333333333 0.225
0.356666666666667 0.0933333333333333
0.572619047619125 -0.092053571428575
0.513720538720584 0.101259995791208
0.704761904761857 0.335714285714286
0.4475324675325 0.121152597402475
0.525550964187273 0.153650137741045
0.525 0.14375
0.616666666666688 -0.174186197916687
0.538888888889 -0.075
0.607051282051308 0.100961538461538
0.5125 0.0458333333333333
0.476994047619063 0.155548735119063
0.602272727273 0.468181818182
0.503102453102421 0.151072104978357
0.545634319384333 0.267034030784022
0.739534712201445 0.355226310726333
0.4846904761905 0.03157142857137
0.506666666666714 0.200476190476143
0.6007575757575 0.0886363636363667
0.547285122285077 0.0812203999703385
0.4375 0.145833333333333
0.614478114478 0.128787878788
0.325 0.025
0.325 0.21875
0.25 -0.0546875
0.53125 0.047916666666675
0.6666666666665 -0.1333333333335
0.42258207070705 0.18773989898995
0.625 0.3
0.731111111111 -0.0192777777778
0.378571428571429 0.4
0.613244047618875 0.0945684523809125
0.75 0.4
0.53 0.39
0.5833333333335 -0.3375
0.7069166666667 0.263750000000035
0.622222222222333 -0.111111111111
0.59065656565653 0.220716818924706
0.7535714285715 0.1016233766235
0.8 -0.35
0.532535885167368 0.128269537480147
0.509090909091 0.272727272727333
0.28600427350435 0.120833333333333
0.625 -0.5
0.456845238095125 0.0300595238095
0.609523809523818 0.0183766233766364
0.601515151515 0.352537878788
0.5375 -0.075
0.66 0.1496875
0.6666666666665 0.1666666666665
0.392619047619 0.0447704081632786
0.66875 -0.01875
0.615584415584286 0.338961038961143
0.4118686868687 0.171527777777791
0.4823412698415 0.08980654761905
0.5 0.416666666667
0.636952861953 0.311505681818333
0.637626262626333 0.205871212121167
0.527777777777667 0.119444444444333
0.8 0.35
0.449836910774417 -0.0156710332491958
0.569841269841143 0.432142857142857
0.507671957671889 0.119312169312222
0.640362811791429 0.324036281179143
0.542137769637739 -0.0383404558404461
0.595831152974 0.122344322344414
0.6854545454546 0.2186363636364
0.505555555555567 0.214393939393933
0.37035984848475 0.071127570346375
0.85 0.3083333333335
0.554847211611823 0.156613827349122
0.528199941592786 0.0644033876176643
0.50177218614725 0.16893939393935
0.601233974359 -0.0183814102564115
0.366666666666667 -0.116666666666667
0.45 0.22916666666675
0.4899999999998 0.2741666666666
0.448308080808 0.344242424242333
0.8 0.6
0.45 0.175
0.525 0.178571428571429
0.688161838161846 0.0718697968698308
0.435173160173143 0.0290043290044286
0.5734375 0.3421875
0.5875 0.371590909091
0.6916666666665 0.45
0.355555555556 -0.255555555556
0.306428571428571 0.0852380952381
0.688888888888889 0.327546296296256
0.275 -0.225
0.4916666666666 0.153333333333334
0.4762626262625 0.19812184343435
0.4425757575758 0.2228787878789
0.7 0.4
0.5924545454545 0.2041363636364
0.675198412698667 -0.0650793650793333
0.507070707070567 -0.121212121212
0.751504629629667 0.05428240740735
0.347685185185111 0.0831018518517778
0.5804305555555 -0.01330753968255
0.4641919191918 0.13994949494946
0.525 0.1622727272728
0.5641666666667 0.2466666666667
0.552797979798 -0.12661616161612
0.4699545454545 0.0441363636364
0.576989676989616 0.102547452547515
0.5969696969695 0.384090909091
0.554444444444333 0.446666666666667
0.680729166666625 0.343229166666625
0.478246753246727 0.0628066378066364
0.462169312169429 -0.0484126984127143
0.585792994883773 0.0123450413223636
0.470876623376643 0.0843344155844286
0.422222222222 0.15
0.433794191919125 0.0339299242425
0.7136363636365 0.159090909091
0.523841991342 -0.00914502164492001
0.635479797979667 0.147727272727333
0.448405934343428 0.209998421717125
0.46051136363625 0.184090909091
0.263120213120167 0.0968344155845
0.7677777777778 0.12
0.746428571428556 0.1110119047619
0.5450555555556 0.09133333333333
0.703571428571429 0.0107142857142857
0.542751068376077 0.300272435897462
0.505061983471064 0.211983471074391
0.3966666666666 0.0466666666666
0.3641774891775 0.1693722943725
0.48238636363625 0.296590909091
0.772222222222222 0.611111111111111
0.405870392234 0.0780926144562727
0.729758812615857 0.291423675530786
0.275 0.15
0.492658730158667 -0.298859126984233
0.6 0.299479166666675
0.339393939394 0.0158459595959667
0.567685760294478 0.176734673337874
0.533333333333333 0.266666666666667
0.5577777777776 -0.07861111111112
0.457341269841167 0.133175223214333
0.6386363636365 0.309090909091
0.644861311527889 0.273705307038667
0.556791125541 -0.076920995670875
0.2 0.1
0.594610389610429 0.016406926407
0.458297258297167 0.274116161616167
0.4183333333334 0.11333333333334
0.552854437229357 0.0156926406926193
0.517592592592617 -0.16944444444445
0.5395833333335 0.11666666666675
0.45 -0.13310546875
0.57799999999997 0.23
0.2375 -0.0625
0.483333333333367 -0.165277777777811
0.408399470899444 0.261640211640322
0.69583333333325 0.4125
0.362012987012889 0.125336700336778
0.446221139971096 -0.0432127396412893
0.382055322128865 0.125486694677859
0.75 -0.25
0.616428571428467 0.2112578162578
0.8255555555556 0.1333333333332
0.48715127465125 0.0760296416545834
0.681601731601572 0.339935064935114
0.435 0.0016666666666
0.519343434343428 0.085590909090988
0.69693877551 0.374025974026
0.377777777777667 0.305555555555667
0.6275 0.190625
0.588095238095286 0.226190476190429
0.562962962963 0.148148148148
0.516666666666667 0.072222222222
0.459935064935143 0.00355519480518571
0.5519696969696 -0.00674242424230001
0.5569444444445 -0.09652777777775
0.288888888889 -0.194444444444
0.5 0.533333333333333
0.511610611610538 0.245716089466069
0.475 -0.375
0.580952380952286 -0.0638528138527143
0.45625 0.1979166666665
0.441885964912284 -0.0398325358851579
0.234090909091 0.106060606060667
0.825 0.0375
0.4642857142855 0.107142857143
0.488888888889 0.266666666666667
0.461564625850286 -0.0190476190475714
0.485385101010062 -0.0165719696969375
0.68125 0.196875
0.4675 -0.0708333333333
0.4142424242424 0.0672727272728
0.618181818181667 -0.421212121212
0.545 0.175
0.462962962963 0.281481481481333
0.544230769230775 -0.153125
1 -1
0.546666666666714 0.221666666666693
0.563484432234385 -0.0110764235763846
0.564814814814889 0.242592592592556
0.510526973026885 0.0276986901987231
0.409686147186333 0.184036796536867
0.469365079365 0.2583333333334
0.5782085137085 0.115133477633539
0.620833333333333 0.0960648148148333
0.425 0.15625
0.576041666666625 0.026041666666625
0.5375 0.3125
0.46117965367967 0.1255735930736
0.5725000000001 0.0545833333333
0.410759259259267 0.182230639730587
0.582581018518417 0.130381944444442
0.614583333333333 0.0854166666666667
0.643506493506429 0.243141233766286
0.597860962566747 0.182746583481994
0.68 0.34
0.549074074073889 -0.063425925926
0.5 -0.096875
0.634553872053833 0.157575757575833
0.916666666666667 -0.127777777778
0.6175595238095 0.3828125
1 0
0.625 -0.008333333333325
0.625 0.425
0.49583333333325 0.20833333333325
0.308333333333353 0.179656862745118
0.396296296296333 0.250925925925889
0.428632154882167 0.0954924242424917
0.705134680134667 0.381818181818222
0.6 -0.1
0.544570707070643 0.183306277056286
0.570989010989 0.00720238095228462
0.492740530303 0.211644754840111
0.506 0.01625
0.5445299145298 0.03106837606842
0.452150072150121 0.126123737373736
0.321701388889 0.066666666666675
0.538181818181714 0.374264069264143
0.6999470899472 0.29931216931224
0.567361111111 0.165625
0.563888888889 0.18819444444425
0.569468494468444 0.344993085618033
0.377297979798 0.156019570706975
0.47083333333325 0.575
0.4765656565656 0.2132196969697
0.5883333333334 0.3165625
0.523611111111 0.109895833333462
0.6533333333334 -0.2733333333334
0.517482517482538 0.20287004662
0.3924242424242 0.105505050505153
0.555036630036538 0.164010989010938
0.464814814814667 0.0574074074074
0.0666666666667 0
0.516802721088429 0.0470578231293429
0.433802308802286 0.204743867243857
0.45 0.35
0.42563582251075 0.0931074134199625
0.540782828282778 0.346401515151556
0.5 -0.1875
0.47518280330775 -0.016780094905
0.562760416666625 0.126822916666662
0.471078869047625 0.18921875
0.5885714285714 -0.069761904761914
0.5180555555555 0.0833333333333333
0.340277777777667 0.15
0.744318181818 0.3295454545455
0.4603703703704 0.1511111111112
0.39944444444445 0.108333333333333
0.542803030303 -0.072159090909
0.487962962962917 0.0127314814814167
0.35 -0.022222222222
0.574503968253917 0.182837301587333
0.669580419580385 0.357925407925462
0.623611111111083 0.150243055555583
0.347567951372304 0.0155583803273739
0.440946969697 -0.00575757575756501
0.384659090909 0.135606060605975
0.524305555555625 0.2203125
0.86931818181825 0.4170454545455
0.225 0.1125
0.404960317460411 0.0884259259259222
0.666666666666667 0.0666666666666667
0.518197601010188 0.175745738636412
0.508729557479462 0.167319624819714
0.558333333333333 -0.0053240740741111
0.406736111111125 0.00375
0.366666666667 0.05277777777775
0.436414300568676 0.0898613233171735
1 0
0.6678434343434 0.151750000000044
0.7 -0.075
0.685714285714286 0.486904761904714
0.523196248196071 0.107444985570086
0.5 -0.15
0.450130208333294 -0.0691406250000063
0.629464285714333 0.221428571428567
0.454761904761857 0.0714285714285714
0.5139595959596 0.220868181818188
0.51363636363625 0.211984427609583
0.493055555555556 0.326388888888889
0.578897707231 0.262724867724889
0.610760732323208 0.174541245791321
0.56875 0.478409090909167
0.6425 -0.1425
0.503921568627471 0.0924019607843529
0.875 0
0.538888888888833 0.0694444444445
0.3576666666666 0.044875
0.562962962963 0.115509259259222
0.15 0.354166666666667
0.34431818181825 0.11704545454545
0.0666666666667 0
0.70041666666667 0.0025
0.357702020201833 0.261616161616217
0.546590909090929 0.319155844155857
0.4772727272725 0.318181818182
0.712037037037 0.458333333333283
0.3541666666665 0.125
0.622499999999953 0.104679253472307
0.683333333333364 -0.0363636363636364
0.442261904761857 -0.143005952381
0.58181818181825 0.2253787878787
0.4803977272725 -0.016193181818
0.262626262626 0.0621212121213333
0.50997023809525 -0.060376082251
0.628541666666725 0.238454861111083
0.6 0.875
0.4683333333333 0.07
0.628181818181667 0.393484848485
0.666666666666667 0.0416666666666667
0.688888888888833 -0.0152777777778333
0.75 0
0.480279942279867 0.15893795093794
0.601851851851833 0.01898148148145
0.626984126984143 0.1706349206349
0.2666666666665 0.175
0.573463804713778 0.0312289562289722
0.459911616161583 -0.0484880050505834
0.600119047619 0.0915476190476286
0.9 0.9
0.625 0.35
0.440734728234764 0.157623857623843
0.492320007433636 0.189969992129082
0.40763607503608 -0.021334704184716
0.4166666666665 0.3333333333335
0.380753968253883 0.0196428571428333
0.4460227272725 0.15170454545475
0.491666666666667 0.204166666666667
0.600456349206333 0.228134920634905
0.482142857142857 0.0571428571428143
0.601490929705143 0.285802154195143
0.553179112554125 0.0838135822511062
0.502570379723148 0.0779215685292296
0.762993827160481 0.336647301191148
0.4566666666666 0.0883333333334
0.654365079365143 -0.00515873015871429
0.551190476190529 -0.115476190476186
0.369125744047562 0.185879667207831
0.695 0.138928571428571
0.480989207551687 0.3018830417268
0.1 0
0.570448051948 0.03766774891767
0.444444444444 0.222222222222
0.333333333333 0.3125
0.486363636363571 0.190909090909143
0.416666666666667 -0.00555555555556668
0.568181818181667 0.162121212121333
0.5625 0.310606060606091
0.538513468013333 0.0488855218855467
0.6280833333333 0.274375
0.690625 -0.240625
0.523737373737333 0.239898989899
0.617329545454563 0.237594696969687
0.399246031746 0.190039682539671
0.8 -0.8
0.585763888888892 0.0046875
0.536994949494917 0.155445075757583
0.74386337868481 0.317998866213176
0.5392207792208 0.262734487734453
0.5016319444445 -0.0587999131944812
0.611111111111 0.227777777777667
0.625 -0.3333333333335
0.45 -0.075
0.64545454545455 -0.05382102272725
0.4968398268396 0.363051948052
0.625 0.4375
0.69791666666675 0.15625
0.338240740740667 -0.0407870370370333
0.492388167388 0.138014069264114
0.43 0.2
0.75 0
0.7666666666666 0.2016666666666
0.333333333333 0.25
0.678819444444375 0.191666666666625
0.461243386243444 0.00780423280415555
0.566666666666667 0.175260416666667
0.20833333333325 0.15234375
0.49166666666675 0.2
0.589047619047571 0.229404761904714
0.375 -0.15416666666675
0.6281313131313 0.19602272727286
0.574084762973619 0.13832772166107
0.433333333333 -0.116666666667
0.6 0.583333333333333
0.4625 -0.225
0.4021212121212 -0.0903598484848
0.786111111111111 0.475
0.75 0
0.648148148148 0.403703703703667
0.403703703703667 0.325
0.461640211640143 0.141534391534429
0.551505660344857 0.157549732014
0.498958333333308 0.0520833333333333
0.4 0.1
0.646843434343333 0.0373737373738
0.559722222222167 0.111458333333333
0.488888888889 -0.113888888889
0.380714285714293 0.0399206349206667
0.35 0.3125
0.570900352733733 0.15469422398588
0.434013605442286 0.0988095238095429
0.466738816738791 0.218560606060518
0.75 0.1125
0.619444444444417 0.329017857142917
0.519606782106714 0.136616161616179
0.518034188034154 0.126829836829785
0.625459136822745 0.211880165289273
0.5484523809522 0.3660714285714
0.29 0.105
0.58 -0.14
0.472033358798 0.149376114082059
0.617679487179462 0.444989316239308
0.701530612244857 -0.116326530612286
1 -1
0.620306122449 0.156267006802714
0.5129206349206 0.304920634920667
0.4 0.0639393939394
0.39 -0.26
0.62770171957675 0.297986111111167
0.2166666666665 0.225
0.387166469893664 0.0331708316935454
0.502926997245091 0.293853305785255
0.683268398268357 0.147278138528214
0.71363636363625 0.34261363636375
0.578439153439222 0.0359788359788889
0.471009546009462 0.265329115329123
0.438159371492667 0.10959595959585
0.434523809523814 0.0297619047618572
0.559375 0.278125
0.283333333333333 0
0.466666666666667 0.158333333333333
0.618 0.311
0.435617283950667 0.204197530864111
0.5 0.35
0.27 0.15
0.18333333333335 0.11666666666665
0.681689342403571 0.130801209372529
0.925 -0.1875
0.380031565656583 0.070553451178425
0.544749149659857 0.00590986394560714
0.504871794871846 0.164358974359
0.5083333333334 0.2
0.674772727272643 -0.0193181818181786
0.581818181818182 0.437012987013
0.543380731922333 0.0597966269840833
0.712574272133041 0.281558229352412
0.577705627705714 0.0395021645022571
0.45833333333325 -0.01875
0.4270833333335 0.05208333333325
0.471466750841667 0.299870580808083
0.68209325396825 -0.019642857142875
0.543865740740833 -0.0774305555555833
0.35 0.15
0.633333333333333 0.045
0.614351851851889 0.180787037037
0.44821127946125 0.0703598484849167
0.6 0.0451704545455
0.541666666666667 -0.0416666666666667
0.3583333333334 0.2066666666666
0.535185185185156 0.0601851851851111
0.702721088435357 0.366496598639429
0.5286363636364 0.104479166666685
0.3770833333335 -0.2645833333335
0.699523007856333 0.469332210999
0.408333333333333 -0.0440104166666667
0.441170634920625 -0.017621527777875
0.68333333333325 0.07395833333325
0.218181818181667 0.0454545454546667
0.647222222222333 0.45
0.454545454545 0.136363636364
0.366666666666667 0
0.4783333333334 0.1483333333332
0.64375 0.28125
0.471316764043918 -0.0984204053522364
0.526200223623653 -0.0749721086264741
0.555555555555571 -0.099007936508
0.644286616161625 0.117834595959625
0.8636363636365 -0.090909090909
0.391876352813813 0.124817370129875
0.482529921059294 0.187396231219771
0.593087121212167 -0.168434343434333
0.54862209046987 0.124242424242491
0.484848484848333 0.203787878788
0.51875 0.175
0.674439935064989 0.318480790043332
0.5250173160173 0.12509632034635
0.434690309690308 0.139152514152538
0.975 0.075
0.529629629629667 0.416666666666667
0.450091827364546 -0.0105027548208364
0.673703703703667 0.41125
0.675 0.325
0.766522366522278 0.368005952380944
0.6325378787878 0.30988636363643
0.450568181818125 0.1764204545455
0.548778602349857 0.305790043290143
0.631797567511857 0.043637909709381
0.489444444444467 0.13
0.516666666666667 0.283333333333333
0.1 -0.1
0.474662975912961 0.258815559440538
0.69375 0.3291666666665
0.492063492063667 0.342261904762
0.544444444444417 0.141319444444442
0.523263888888917 0.315046296296325
0.5258049242425 0.28899147727275
0.55416666666675 0.26666666666675
0.5 0.5
0.5882448292448 0.123773448773467
0.262301587301522 0.104894179894144
0.454545454545 0.136363636364
0.975 0.2
0.572222222222167 -0.277777777777833
0.623285889195 0.163331365604064
0.466666666666667 0.25
0.539285714285714 0.277380952381
0.611111111111 0.315151515151667
0.45418350168355 0.110053661616217
0.528523328523222 -0.222871572871556
0.905909090909091 0.382727272727273
0.545238095238 0.154761904762
0.433571428571429 0.203095238095286
0.650909090909 -0.0527272727272
0.594305555555535 0.20163194444445
0.49166666666665 0.1
0.375 0.216666666666668
0.3 0.1666666666665
0.56666666666675 0.225
0.732098765432333 -0.116049382716
0.455708180708125 -0.1268372252747
0.488425925925889 0.113888888888889
0.63539562289558 0.1253388047138
0.6432142857143 0.355
0.560450192923 0.120103205972785
0.248722222222267 -0.0609444444444667
0.825 0.33125
0.46 0.324999999999934
0.520634920635 -0.227380952381
0.42083333333325 0.11250000000005
0.3 -0.15
0.426869889369905 0.1399307702879
0.5667878787879 0.1560530303031
0.386111111111167 -0.0527777777777167
0.607686988936945 0.294432419432444
0.5416666666666 -0.0316666666666
0.557142857142857 0.0261904761904286
0.506800745550667 0.25889670514666
0.45505952380955 -0.0445500927644
0.583333333333333 0.229166666666667
0.435714285714286 0.367857142857143
0.556850085678178 0.220294237013
0.4831111111111 0.05536111111111
0.54375 -0.225
0.6315656565655 0.02196969696975
0.626785714285667 0.0198412698411667
0.579924242424167 0.218560606060667
0.484848484848333 0.145454545454667
0.3166666666665 0.125
0.707142857143 -0.0531746031746667
0.4132913961038 -0.07499323593078
0.267857142857 0.142857142857
0.777777777778 0.222222222222
0.7 0.225
0.633996212121225 0.2122474747475
0.65318181818176 0.03841883116888
0.5125132275132 -0.025753968254
0.571482683982643 0.153260281385343
0.486988705738615 0.1489787989788
0.7204603174604 0.0880357142857
0.541666666666714 0.145089285714329
0.525248015873042 0.189337572150042
0.6370265151515 0.21689664502175
0.567518939393875 0.03494318181825
0.610301769849943 0.117537694066325
0.6530158730158 0.2761011904762
0.64940476190475 0.191071428571425
0.6375757575756 0.266590909091
0.27909992784985 0.08180735930741
0.8 -0.0166666666665
0 -0.15
0.425 0.10625
0.5319848484849 0.2779097259213
0.663010204081571 0.1222866419295
0.487317620651078 0.0191428170594445
0.6062815656565 0.243308080808083
0.504212962962867 0.05143518518516
0.371355419272056 0.156182860349483
0.527979373567471 0.133148714031047
0.416666666666667 0.2
0.7 -0.35
0.447222222222333 0.116666666666667
0.481025918526 0.0901792651792769
0.68602840909085 0.11729545454548
0.360606060606 0.0223484848486667
0.5183982683982 -0.0070995670996
0.487600494743286 0.0575602968460143
0.7401785714285 0.01299351283475
0.511976911976909 0.204978354978364
0.8875 -0.5625
0.602870318087652 0.117657161678983
0.63288744588736 0.11956782106786
0.44583333333325 0.33229166666675
0.525 0.1
0.5257275132275 0.117658730158617
0.3094444444444 0.11944444444446
0.302619047619067 0.311190476190473
0.519146005509682 0.206861225895364
0.601298701298571 0.224675324675429
0.430014005602312 -0.130028011204512
0.24694444444453 0.00444444444437
0.729894179894111 0.186094576719556
0.25 0.05
0.582323232323235 0.159647950089177
0.607291666666625 0.089583333333375
0.58333333333325 -0.03333333333325
0.523125 0.17583806818185
0.4635714285715 0.15823593073595
0.58140782828275 0.141824494949625
0.616666666666667 0.719444444444333
0.5854166666665 -0.01302083333335
0.329220779220818 -0.0213203463203636
0.6854166666665 0.32291666666675
0.665562369729111 0.0586660253327355
0.618310657596381 0.0764833711261905
1 0.25
0.415672635445273 0.0592068411386727
0.625 0.375
0.622860549943833 0.151017115600444
0.3616666666666 0.2366666666666
0.525 0.55
0.5016926406926 0.1387077922077
0.645114982019714 0.0617759224901891
0.8 0
0.535818348318308 0.136386530136546
0.570693473193462 0.0776311188811308
0.43640151515157 -0.15003787878788
0.5 0.4166666666665
0.53464646464645 0.0584371794113
0.478 0.2045
0.504710701484871 0.155721966205874
0.4575757575756 0.2156060606061
0.3266233766235 0.09959415584425
0.595598845598857 0.191405122655193
0.703846153846154 0.521634615384615
0.612346200807769 0.158278153470443
0.580893141945737 -0.00864433811794738
0.676190476190429 0.3047619047619
0.527037037037 0.12261284722225
0.556 0.084
0.499679487179485 0.0400641025641
0.50625 -0.18125
0.666666666666667 0.333333333333333
0.6269994588745 0.220842803030356
0.49304473304475 -0.017274080086615
0.582988980716182 -0.0580578512396363
0.75 0.1875
0.520393990929643 0.257270408163286
0.5423484848485 -0.032462121212
0.544029581529571 0.0654085497835143
0.5166666666667 -0.06127604166667
0.424684343434333 0.210437710437713
0.333597883598 -0.0972222222222222
0.425925925926 0.101851851852
0.548993506493454 0.0738419913419363
0.616358024691333 0.1375
0.441873278236727 0.101905417814636
0.888888888889 0.644444444444333
0.514774815827474 0.111542302726537
0.40721794871782 0.049954545454478
0.466666666666667 0.1037037037036
0.593333333333375 0.185833333333375
0.521913580247 0.164583333333333
0.666666666666667 0.0958333333333333
0.542857142857143 -0.0238095238094286
0.676822916666625 0.045052083333375
0.356089743589723 0.0192307692307692
0.804901960784294 -0.365379901960806
0.825 0.3975
0.375126262626233 0.117676767677
0.56239834726671 0.180324226212455
0.48958333333325 0.01145833333325
0.562476020711294 0.186899350649412
0.433333333333333 0.433333333333333
0.420093795093714 0.357575757575714
0.554971590909125 0.206960227272725
0.288888888889 -0.155555555556
0.583333333333333 0.277777777777767
0.634574074074133 0.11303327546296
0.6 -0.3
0.595920138888938 0.102754103535381
0.525 0.356060606060667
0.556601731601714 0.272456709956814
0.60921130952375 0.267157738095265
0.593333333333333 -0.0627777777777778
0.5125 0.0375
0.501112313612286 0.0623376623377143
0.596428571428571 -0.405654761904762
0.638551587301571 -0.132202380952407
0.441115319865323 -0.07314814814813
0.333333333333 0.25
0.588961038961 0.03787878787875
0.4772727272725 0.318181818182
0.61448667628668 0.21329182299176
0.509010942760875 0.1888449600168
0.507592592592555 -0.0926851851851667
0.444011204960421 0.0397134611420263
0.677480158730214 0.450773809523786
0.302380952381 -0.116666666666667
0.63 -0.11
0.695833333333375 0.362499999999963
0.632487922705348 0.220833333333261
1 0
0.606980994152105 0.288413742690053
0.6154545454545 0.232803030303067
0.345370370370333 0.0481481481480333
0.617323232323267 0.209696969697033
0.546666666667 -0.0866666666667
0.185299422799467 0.085173160173
0.508881578947369 0.279874401913895
0.5626641414141 0.0929687500000333
0.586969696969667 0.352196969697
0.489814814814833 0.0613425925926667
0.734226190476167 0.1401785714285
0.562626262626111 0.055723905724
0.500886093073563 0.144753618777062
0.5875 0.1125
0.44021645021654 0.2659005935472
0.518634473991571 0.0714586339586619
0.866666666666667 0.208333333333333
0.4863095238095 -0.046577380952375
0.364086580086528 -0.0940216450216429
0.31923076923075 0.1125
0.492361111111083 0.0220486111111417
0.434848484848333 0.212121212121333
0.95 0.2375
0.4281746031745 -0.08478174603175
0.34614109848475 0.131983901515212
0.461190476190467 0.0643154761904667
0.463946280991727 0.043104338843
0.3211904761906 -0.06761904761892
0.7 0
0.385064935064909 0.188095238095182
0.6891666666667 0.17125
0.43624999999994 -0.075
0.475 0.13333333333325
0.562121212121273 0.162878787878791
0.471750574528333 -0.059593287371037
0.554807692307692 0.277243589743592
0.710416666666656 0.0544270833333438
0.5875 -0.375
0.7 0.4
0.7 -0.05
0.4627777777778 0.2204444444444
0.357142857143 0
0.540476190476214 -0.080505952381
0.525509735362677 0.189903703322841
0.515389009139042 0.236149440836963
0.454861111111125 -0.12585227272725
0.555785714285685 0.363119047619025
0.420686697089742 0.126428921135543
0.845858585858667 0.380252525252667
0.465027507215 0.0666486291486857
