0.666666666667 0
0.666666666667 -0.7
0.6136363636365 0.334090909091
0.688888888889 -0.15
0.1 -0.025
0.431424529688444 0.0220017636683778
1 0.6
0.1125 -0.0625
0.708333333333333 -0.158333333333333
0.4127424242422 0.0662727272728
0.595867768595 0.0987603305785455
0.39488636363625 0.14242424242425
0.375 0.340625
0.4 0.2
0.654867724867667 0.315238095238
0.529858509911158 0.255460184552326
0.3975 0.0525
0.4 0.190625
0.633333333333333 0.177777777777767
0.6 -0.25
0.347085652442764 0.0441852195424071
0.669081439393875 0.0292140151515
0.4533333333334 0.5808333333334
0.25 -0.05
0.333333333333333 0.483333333333333
0.377777777777667 0.294444444444333
0.605429292929333 0.3656565656566
0.722222222222222 0.439699074074111
0.646031746031778 0.144841269841267
0.54 0.34
0.583205128205077 0.0894638694638692
0.6 0.366666666666667
0.633333333333333 0.0755952380953333
0.49791666666675 -0.14375
0.545290511957222 0.09560994561
0.303472222222167 0.136616161616217
0.6588541666665 0.1635416666665
0.635416666666625 0.096875
0.0666666666667 0
0.591666666666667 0.208333333333333
0.455681818181667 0.232954545454667
0.453409090909125 0.242897727272725
0.613720538720667 -0.0272727272726667
0.651190476190333 0.367857142857
0.578535353535333 0.028282828283
0.383333333333333 0.00833333333333334
0.477839506172856 0.236049382716
0.54441964285725 0.205952380952375
0.4288888888888 0.05444444444444
0.415 0.115
0.83333333333325 0.45
0.450420875420778 0.0348484848484222
0.592261904762 -0.3904761904762
0.5 0.302777777777667
0.55 -0.525
0.696825396825429 0.410714285714286
0.18571428571435 0.03809523809525
0.3566666666665 -0.06666666666665
0.671590909091 0.3852272727275
0.393939393939333 0.284848484848667
0.458333333333333 0.0833333333333333
0.294444444444333 0.197222222222333
0.4916666666665 -0.05
0.472222222222 0.2333333333335
0.370512820512667 -0.0435897435896667
0.875 0.3875
0.4 0.1
0.58999999999994 0.4066666666666
0.412499999999825 0.23333333333325
0.527378948212111 -0.0484948693281111
0.1 0
0.596428571428572 0.211607142857143
0.651543209876444 -0.0787037037036667
0.622320426487111 0.0491021324355778
0.490625 -0.031510416666675
0.336111111111117 0.0833333333333334
0.736011904761857 0.397916666666671
0.875 0.225
0.666666666667 -0.416666666667
0.5188333333334 -0.0451666666666
0.429365079365 0.142857142857143
0.477380952380875 0.121130952380875
0.481866281866286 0.112073112073143
0.5234545454546 0.2056363636364
0.0666666666667 -0.166666666667
0.789393939394 0.615151515151667
0.43177777777774 0.26400000000006
0.4533333333334 -0.13
0.5 0
0.627272727273 -0.331818181818
0.506040928768091 0.247317329135555
0.501812770562714 0.0957521645021429
0.378571428571 -0.1
0.698611111111125 -0.077604166666625
0.39867424242425 0.130113636363725
0.79 0.3666666666666
0.5875 -0.015
0.434722222222167 0.0611111111111667
0.05 0.2375
0.4991666666667 0.1660178571429
0.334722222222 -0.0694444444446667
0.5841666666666 0.1708333333334
0.522979797979833 0.228282828282833
0.476223776223773 0.115151515151545
0.56363636363625 0.359090909091
0.54375 -0.0583333333333333
0.325 -0.0375
0.741666666666667 0.075
0.63333333333325 -0.12708333333325
0.62604166666675 0.12890625
0.546836734693857 0.00285714285714286
0.525378787878833 0.0613636363636667
0.518939393939333 0.159848484848667
0.9 0.6
0.36 0.05
0.56212121212125 -0.024905303030275
0.5088293650795 -0.115376984126983
0.50035714285707 0.4175
0.36 0.00833333333333999
0.51 0.04
0.283333333333333 0.101388888889
0.56628787878775 0.1484375
0.65 -0.15
0.730555555555571 0.479563492063429
0.4480952380952 0.23833333333334
0.63184523809525 0.0666666666665
0.414953703703667 0.2021296296295
0.661269841269857 0.386547619047571
0.739610389610428 0.011525974026
0.438888888888833 0.298611111111167
0.4189694564695 -0.0913164381915
0.590625 0.3359375
0.5266666666666 0.0633333333332
0.614646464646333 0.291287878788
0.5657954545455 0.29108585858585
0.516666666666667 0.013888888889
0.75 0.5458333333335
0.3975 0.359583333333325
0.4904545454545 -0.0413636363635
0.5107142857143 0.425
0.61363636363625 0.14450757575775
0.56458333333325 0.261458333333325
0.47897727272725 0.113068181818125
0.476388888888833 0.0792824074073333
0.55 -0.425
0.266666666666667 -0.283333333333333
0.469341372912571 0.0202071737786286
0.481537598204222 0.140881032547731
0.454545454545 0.136363636364
0.53472222222225 0.3319444444445
0.754166666666667 0.170833333333333
0.40470328282825 0.273390151515125
0.7533333333334 0.2216666666666
0.3 0.0166666666666667
0.1 0
0.590740740740667 0.375
0.5691693722945 0.288622835497813
0.333333333333 0.3125
0.4833333333335 0.388888888889
0.2981481481482 0.15625000000005
0.48315972222225 0.047048611111
0.429535147392286 0.359049036281114
0.297619047619 0.16666666666665
0.2625 0
0.351515151515 0.124621212121333
0.5655555555555 0.086111111111
0.312962962963 0.0648148148146667
0.570670995670889 0.228132515632444
0.5905555555556 0.28777777777778
0.5057792207792 0.32004329004332
0.594444444444333 0.225
0.639285714285667 0.303679653679667
0.527685950413182 0.223708677686
0.45113636363625 0.046590909091
0.634311224489857 0.115561224489857
0.514610389610429 0.118073593073543
0.522420634920667 0.00853174603166668
0.432323232323333 0.135321969696967
0.53194444444445 0.253240740740833
0.533838383838333 0.223337542087556
0.4866666666666 0.0275
0.4633333333332 0.2733333333334
0.317350452577727 0.151925914994091
0.567803030303 0.347632575757583
0.335669191919167 0.0770202020203333
0.7375 0.17916666666665
0.474668560606125 -0.0437499999999875
0.42791666666675 0.28921875
0.227272727273 0.0681818181818
0.6375 0.0875
0.594569128787875 -0.0274921085858438
0.613063492063667 0.0831349206348
0.25 -0.25
0.4733333333334 0.3483333333334
0.52625 0.005
0.285179924242462 0.064251893939375
0.48974867724875 0.145965608465525
0.468055555555617 0.204861111111117
0.4766666666666 -0.1233333333334
0.48761904761914 -0.06
0.6154545454546 -0.02636363636364
0.297222222222333 0.133333333333333
0.488095238095143 0.208928571428571
0.375 -0.205
0.361666666666667 0.150833333333333
0.4513888888889 0.06194444444443
0.469642857143 0.382142857142867
0.58039772727275 0.254616477272875
0.510278713056444 -0.0702394313504667
0.620370370370333 0.258333333333333
0.395 0.0341666666666667
0.413888888889 0.136111111111
0.4019891774892 0.132651845839382
0.4 0.45
0.621428571428571 0.119940476190429
0.551111111111333 0.330833333333333
0.666666666666667 0.2
0.4370565776815 -0.0843344155843667
0.477777777777833 0.00416666666666667
0.55 0.41875
0.45 -0.35
0.41516504329005 0.172362012987
0.443939393939 -0.0151515151515
0.358730158730213 0.194642857142875
0.487845117845 0.122760942761022
0.660909090909 0.3822727272728
0.6666666666665 0.3229166666665
0.52083333333325 0.05625
0.675 0.33125
0.423437499999962 0.081597222222125
0.218888888889 0.0861111111111
0.277916666666575 0.17
0.558024691358 0.174826388888833
0.4694841269842 0.18347222222216
0.6166666666665 -0.01458333333335
0.43125 -3.46944695195361e-18
0.2875 0.05979166666666
0.395791245791167 0.00367564534226667
0.616666666666667 0.383333333333333
0.7385714285714 0.36625
0.38333333333334 0.06
0.470909090909 0.244090909091
0.26257102272725 0.00512547348485
0.783333333333333 0.025
0.38333333333324 0.0518541666667
0.525036075036 0.0767676767676667
1 0.1
0.62777777777775 0.00555555555550001
0.39 -0.015
0.404166666666675 0.1375
0.476515151515 0.120454545454667
0.50474747474746 0.1399242424242
0.6102380952381 0.222380952381
0.4800505050505 0.0765151515153333
0.476770482603922 -0.0620398428731333
0.584848484848333 0.456818181818333
0.513135198135 0.107902097902167
0.322222222222333 0.166666666666667
0.601628787878875 0.238279671717288
0.39375 -0.085
0.742857142857143 0.276785714285714
0.725297619047572 0.174206349206243
0.581277056276973 0.0627164502164545
0.282142857142833 0.0404761904761667
0.41808712121225 0.195738636363625
0.532115800865713 0.44025974025975
0.5 0.3
0.5 0.3
0.508443526170818 0.153360881542727
0.522979797979778 0.340319865319889
0.349783549783471 0.205708874459
0.39213419913417 0.08524025974031
0.43125 0.13125
0.543685666185583 0.216267736892758
0.2779401154401 -0.0106060606060667
0.491071428571429 -0.0540178571428572
0.222222222222233 0.177777777777767
0.525631313131385 0.209644522144525
0.297222222222333 0.1
0.496464646464625 -0.184185606060612
0.575 -0.05
0.6084848484846 -0.1923358585858
0.479004329004375 0.292748917749
0.531734006734 0.0376683501684222
0.669047619047571 -0.140259740259743
0.513888888888833 0.304166666666617
0.502534605312333 0.223363262252111
0.338265306122471 0.256122448979571
0.510351473922857 0.0368594104308143
0.5944444444445 -0.0569444444445
0.535841836734714 0.421407312925143
0.6011111111111 0.2341666666667
0.4508680555555 0.141145833333375
0.2634199134199 -0.00454545454545714
0.497222222222222 0.275
0.53055555555575 0.095138888889
0.475 0.22
1 0
0.54062371203677 0.277233319217044
0.454545454545 0.136363636364
0.6563888888888 0.1119444444444
1 -0.5
0.70833333333325 0.08958333333325
0.607142857142714 0.0285714285713857
0.554220779220714 0.106493506493571
0.283333333333333 0.45
0.542857142857 0.01227678571425
0.46833333333334 0.2572727272728
0.3 0.25
0.4964285714285 0.2464285714285
0.590660450660385 0.137350427350531
0.439285714286 -0.0107142857142667
0.493613078840273 0.187228125409909
0.475813234384857 0.0305024737168143
0.4 0.0375
0.517857142857 0.455357142857
0.655018939393875 0.29431818181825
0.4375 -0.00625000000000001
0.615972222222167 0.0215277777777833
0.436882716049417 -0.355015432098767
0.3083333333335 0.0583333333335
0.46 0.28
0.633333333333333 0.430555555555667
0.754640151515167 0.32158301767675
0.386904761904714 0.1797619047619
0.527637085137 0.2872077922078
0.497979797979833 0.1782828282828
0.762626262626 -0.165404040404
0.592803030303 0.221590909091
0.566666666666667 0.0333333333333333
0.579722222222167 0.314722222222167
0.387261904761857 -0.0349404761904286
0.5 0.2333333333335
0.34666666666666 0.37333333333334
0.4453703703705 0.110185185185167
0.465476190476213 0.209821428571425
0.8833333333335 -0.025
0.443314445970656 0.073660519168375
0.57387626262625 0.225422585227375
0.8636363636365 0.7926136363635
0.42973484848475 0.2107954545455
0.731060606060636 0.269318181818182
0.616666666666667 0.278787878788
0.5305555555555 0.191666666666667
0.552698412698429 0.2052380952381
0.5663580246913 0.204359567901222
0.507870370370333 0.103240740740667
0.458333333333 0.141666666667
0.709090909090833 0.306060606060667
0.45625 0.286979166666625
0.246315192743667 0.0751700680273333
0.388541666666625 0.0619791666667125
1 0.5
0.43806818181825 0.01079545454545
0.37398989899 0.204245580808133
0.5753125 0.016875
0.5507575757575 0.243560606060667
0.443888888889 -0.17
0.471153198653111 0.0468181818182222
0.5983333333334 -0.00401515151521999
0.452588383838333 0.284769570707167
0.386054421768571 0.194982993197243
0.652314814814833 0.0824074074073333
0.581666666666667 0.285
0.505032467532375 0.02150974025975
0.5375 0.4125
0.4 0.166666666666667
0.33162878787875 -9.46969697499939e-05
0.575 0.177272727272667
0.53681818181825 0.0620454545455
0.35 0.265625
0.242424242424 0.03939393939395
0.4243055555555 0.18541666666675
0.150277777778 0.0263888888889
0.5402067550505 0.220525568181833
0.525 -0.16875
0.343595041322273 0.0684573002755454
0.610678210678167 0.0536075036075
0.5 0.5
0.697 0.1134166666667
0.32646464646454 0.16171717171724
0.383333333333333 0.3
0.533333333333333 -0.0916666666666667
0.79375 0.51875
0.461709355459377 -0.0737403799903727
0.362514029180667 0.228507295173889
0.442538480038333 0.0967893217893333
0.557870370370333 0.20092592592595
0.583333333333333 0.3440025252525
0.614285714285714 0.323809523809471
0.491666666666625 0.084375
0.5022929292929 0.1870378787879
0.622619047619 0.189285714285667
0.408333333333286 0.0779761904761857
0.525631313131333 0.0189393939394167
0.468536324786308 0.123000194250277
0.412511478420545 0.0744762970615637
0.388095238095286 0.222619047619043
0.512406015037632 0.093984962406
0.480339105339167 0.262554112554167
0.560648148148117 0.404166666666667
0.5033333333334 0.145
0.544444444444333 -0.166666666666667
0.578752834467143 0.147106009070286
0.531060606060429 0.253246753246857
0.470238095238167 0.252579365079333
0.36388888888895 0.136111111111117
0.445238095238 0.095238095238
0.4694444444445 0.147727272727333
0.553506493506571 0.343084415584429
0.775 0.508333333333375
0.457386363636325 -0.190909090909
0.557175925925967 0.318518518518444
0.4875378787878 0.0748863636364
0.333333333333 0.3125
0.73371212121225 -0.1157196969697
0.3916666666665 0.221875
0.6 0
0.66666666666675 0.07291666666675
0.527777777777667 0.338888888889
0.498484848485 0.20454545454545
0.636111111111154 0.1963141025641
0.579714105339083 0.130355339105401
0.284375 0.176171875
0.5949134199135 -0.27581168831175
0.474074074074 0.247916666666667
0.476621773288444 0.344590347923667
0.517234848485 0.1732954545455
0.595948616600783 0.0546058410189478
0.508754208754222 0.0987373737373778
0.451830808080712 0.1722853535355
0.45 0.85
0.578282828282667 0.315151515151667
0.59375 0.3545454545455
0.32083333333325 0.29583333333325
0.678571428571429 0.0380952380952857
0.439583333333375 0.296875
0.645177970178 0.1852208069347
0.7035714285714 0.09071428571428
0.556380952381 -0.1679880952381
0.5357142857145 0.1785714285715
0.605555555555667 -0.0166666666666667
0.57123015873025 0.242261904762
0.69071969697 0.343465909091
0.7 0.0333333333333333
0.465754483611621 0.0849644403216429
0.375 -0.025
0.561111111111222 -0.0945707070706333
0.561111111111 0.0333333333334333
0.66666666666675 0.25511363636375
0.398611111111333 -0.0361111111111
0.5328125 -0.003125
0.565319865319778 0.274410774410778
0.3875 -0.05
0.511666666666667 0.23
0.78125 0.25625
0.484920634920714 0.299603174603171
0.355339105339058 0.21426542207795
0.72 0.3499999999999
0.525568181818125 0.265838068181875
0.31089743589745 0.175
0.627380952381 0.1
0.59722222222225 0.107449494949425
0.590211640211667 -0.181084656084733
0.571485389610357 0.241682900433
0.328174603174671 0.0240079365079371
0.522689393939364 0.1126067493113
0.505555555555667 -0.144444444444333
0.668939393939427 0.175
0.4866402116403 -0.0674074074074444
0.811111111111 -0.0555555555556667
0.4618095238096 0.25771428571428
0.635714285714286 0.268452380952429
0.594444444444 -0.0805555555556
0.531439393939338 0.143181818181875
0.522655122655111 -0.0847643097643111
0.578030303030286 0.226623376623429
0.495899885554931 0.0987796686072896
0.573629148629091 0.192731085202709
0.478549382716 0.0693672839505222
0.434090909090833 0.0890467171718333
0.545959595959636 0.0136019283745909
0.574314574314609 -0.0125541125541091
0.325 0.2125
0.5427777777778 -0.2614236111112
0.239583333333333 0.0479166666666667
0.1083333333335 -0.05
0.542857142857143 0.14375
0.436363636363429 0.300432900433043
0.78125 -0.066015625
0.664105339105286 0.0652597402597857
0.4066666666666 -0.115
0.389965986394529 0.127352607709714
0.3766666666666 0.3233333333334
0.482856341189667 0.263468013468078
0.476264880952356 0.126041666666688
0.611794871794846 0.315769230769154
0.59253472222225 0.193454861111088
0.4087878787878 0.1113446969698
0.55535714285725 0.36964285714275
0.561508738175444 0.315050505050511
0.5 0.183333333333333
0.2 0.5
0.452380952380857 0.164583333333336
0.55625 0.25
0.304861111111167 -0.0395833333333333
0.423611111111 0.320833333333333
0.6875 -0.175
0.378409090909125 0.262897727272725
0.4789682539681 0.1815740740741
0.462334887334692 0.0996406371406923
0.698148148148222 0.318518518518556
0.58258928571425 0.24821428571425
0.39102813852814 0.1990584415586
0.4 0
0.417095238095186 -0.186380952381
0.4985714285713 0.1766666666667
0.5979797979799 0.439393939394
0.550476190476143 0.0178571428570429
0.529797979798 0.327890011223333
0.555387205387333 0.3127735690236
0.2875 -0.046875
0.554166666666675 0.5125
0.538239538239375 0.284971365440125
0.37037037037025 0.257530381944417
0.452733686067 0.266049382716156
0.4829545454545 0.2386363636365
0.4844023569023 0.1270307239058
0.652401285583 0.299898415978
0.608333333333333 -0.0305555555555667
0.527778761642273 0.367859602518727
0.28333333333335 0.068181818182
0.4875 -0.065
0.6419047619046 0.3783333333334
0.483040438397556 0.0985166288738122
0.498670919723526 0.166929160021305
0.56999999999993 0.209453125
0.549388888888833 0.0712291666666667
0.4892261904762 0.11761949855711
0.527819865319778 0.0592652717652967
0.619200937950909 0.239639905549023
0.441178451178 0.0916498316500733
0.53422619047625 0.41428571428575
0.578409090909125 0.15018939393935
0.5169841269842 0.1333333333334
0.5631602483165 0.22591277356905
0.692361111111 -0.1881944444445
0.0666666666667 0
0.325 0.25
0.493907441764429 0.211679035250429
0.6774285714286 0.3564285714286
0.368452380952333 0.315327380952333
0.567091836734714 0.2135667903525
0.5938095238094 -0.00785714285720003
0.40629370629362 0.2306060606062
0.613888888888889 0.249410774410756
0.619753086419833 0.49629629629635
0.3 -0.5
0.457617845118 0.174579124579067
0.591688311688357 0.208149350649357
0.475 0.1125
0.477272727272714 -0.0250154607297857
0.1625 0.1
0.5340246354952 0.3208773252891
0.4958333333335 0.06950757575775
0.4230555555555 0.1554829545455
0.533333333333 -0.5
0.604931972789143 0.237345392702429
0.354789562289333 -0.107262205387217
0.4694444444445 0.5444444444445
0.44 -0.04
0.535648148148167 0.2125
0.451682622932692 0.0696558996559
0.669791666666625 0.178125000000038
0.577777777778 -0.0104166666666667
0.402104377104333 0.0520202020202222
0.486026936026833 0.218771043770967
0.2386363636365 0.1590909090909
0.738888888888833 -0.3444444444445
0.629166666666667 0.458333333333333
0.664646464646333 0.363636363636367
0.55 -0.2
0.85 0.075
0.597575757575727 -0.356818181818182
0.42737869769125 -0.018371212121125
0.577372627372569 0.170869755244792
0.42417929292925 0.08431976010105
0.51190476190475 0.291071428571375
0.4 0.1
0.5471428571429 0.1847619047619
0.457828282828231 -0.0242327117327154
0.3375 0.0833333333335
0.466666666666667 -0.05
0.4535714285715 0.18214285714285
0.370833333333 0.0833333333335
0.3348484848485 0.17234848484855
0.620701058201 0.293981481481444
0.513265306122571 0.214540816326571
0.525 0.230357142857143
0.579336734693857 0.398005565862714
0.631035353535333 0.030018939394
0.630952380952429 0.301190476190429
0.43723484848475 0.023816287878875
0.699242424242463 0.26867897727275
0.47674242424226 0.02007575757584
0.191666666666675 0.175
0.422951101928364 0.1010330578513
0.375 -0.15
0.555415263748556 0.222025813692531
0.332943722943714 -0.041093073593
0.578571428571429 0.172321428571429
0.715067340067333 0.187205387205411
0.663888888888833 0.313888888888833
0.626262626262522 0.382049663299667
0.663215488215522 0.216835016835011
0.345648148148142 -0.0138194444444167
0.748453927025429 0.2694341372913
0.430555555555667 0.152777777777667
0.53473124098125 0.123745265151583
0.488888888888833 0.158333333333333
0.660064935065 -0.120508658008727
0.32916666666675 -0.05625
0.352976190476 -0.000595238095238
0.477557997558077 -0.0368864468864615
0.486626683501583 0.288794191919333
0.7324074074075 0.3
0.340277777777833 0.283333333333333
0.675 0.35
0.417189754689814 0.174080086580086
0.400794483294385 0.188513986014023
0.0666666666667 0
0.457407407407333 0.141666666666667
0.6342424242424 -0.2927272727272
0.6122474747475 0.0184659090909175
0.590641025641 0.111460518648077
0.4299242424242 -0.04560606060596
0.562202380952375 -0.075595238095275
0.571428571428667 0.057142857143
0.3125 0.125
0.713333333333375 -0.215416666666625
0.690564373897633 0.185780423280411
0.650283134373909 -0.102995867768545
0.83238636363625 0.509090909091
1 0
0.5875 -0.0375
0.8933333333334 0.11833333333334
0.315665584415572 0.145068993506521
0.761458333333333 0.161458333333333
0.542901234568 0.316898148148111
0.611026936027 0.140993265993167
0.2738095238095 0.0892857142857
0.605092592592667 -0.134259259259267
0.44166666666675 0.02916666666675
0.380740740740778 0.0585648148147778
0.58402777777775 0.275927734375
0.576923076923077 0.172115384615385
0.751875 0.175625
0.6505833333333 0.3829545454546
0.4834082892415 0.0452941618566667
0.685497835497857 0.0211038961039
0.383333333333333 0.00555555555566665
0.489285714285714 0.1625
0.6115 0.3568333333334
0.766666666666667 -0.210606060606
0.65 0.21953125
0.4975 0.230625
0.7118055555555 0.076388888889
0.479166666666714 0.0598214285714286
0.620909090909 0.205965909091
0.340136054421857 0.194387755102043
0.586574074074111 -0.120601851851889
0.340648148148222 0.233888888888844
0.3944444444445 -0.077777777778
0.66 0.330625
0.4813636363636 0.19924242424254
0.43 0.13
0.421900252525225 0.027215909091
0.513888888888667 0.333333333333433
0.4421904761904 0.04169047619048
0.476190476190286 0.378571428571429
0.5133333333334 -0.0466666666666
0.551609848484917 0.304834806397333
0.614285714285571 0.382738095238186
0.4513878868045 -0.0594215969215333
0.508041958042 -0.00466200466194617
0.4375 0.1875
0.4533333333334 0.4616666666666
0.434851229688174 0.0283745059288826
0.404166666666667 0.0875
0.376515151515 0.340593434343667
0.452651515151463 0.097774621212125
0.412755102040857 0.118367346938771
0.506054421768714 -0.0746598639456143
0.427050264550167 0.1047619047619
0.616998299319714 0.0352465986394714
0.4642857142858 0.25642857142858
0.507659932659858 0.29212962962975
0.50234848484853 0.11739898989911
0.547781385281429 0.176298701298714
0.436868686868667 0.213699494949667
0.385583103764782 0.111122589531791
0.430992063492167 -0.0845815295815333
0.449677729677833 0.2592207792208
0.465625 0.18125
0.342424242424333 0.0560606060606667
0.494841269841333 0.273214285714383
0.34528379028378 -0.028238936989
0.491414141414133 0.0743686868687334
0.485534759358159 0.1362344028521
0.371111111111 -0.0875
0.605687514240053 0.295104237867463
0.458958333333375 0.160208333333375
0.408333333333333 0.204166666666667
0.3855519480519 0.0804870129871
0.584438775510143 0.169735621521429
0.617261904762 0.110714285714286
0.664285714285714 0.41875
0.75 -0.75
0.647348484848375 0.322821969697
0.390202020202 0.2160606060607
0.575925925926 -0.136805555555556
0.328125 -0.078125
0.7875 -0.4041666666665
0.441666666666667 0.129166666666667
0.4625 0.1590909090909
0.125 0
0.2 0.2
0.59 -0.045
0.599747474747421 0.151691254651805
0.635185185185189 0.142361111111111
0.523958333333375 0.037065972222125
0.69367634680125 0.2246422558923
0.551851851851889 0.442592592592556
0.745454545454571 0.218398268398286
0.52708333333325 -0.0625
0.429166666666675 -0.225
0.497916666666625 0.228515625
0.416666666666667 0.0333333333333333
0.6186868686868 0.2904797979798
0.8444444444445 0.5625
0.5 -0.4
0.589583333333425 0.20208333333325
1 0
0.60411741640003 0.0561387163561304
0.392424242424333 0.3060606060606
0.503860544217648 0.0211422902494762
0.350000000000333 0.116666666666667
0.6017532467532 0.14131764069267
0.504393939394 0.3241098484849
0.459826377326333 0.162566087462
0.607638888888875 0.1129734848485
0.406139455782286 0.0508333333333286
0.5869047619047 0.0954464285714
0.766666666666667 0.577777777777667
0.6648989898989 0.2081734006734
0.429166666666667 0.101388888888833
0.629220779220714 0.258279220779286
0.629365079365143 0.330158730158714
0.85 0.55
0.348437499999963 0.224479166666625
0.683333333333333 0.425
0.659090909091 0.447330447330667
0.364308671126818 0.151285583103782
0.175 -0.225
0.3796296296295 0.125925925925867
0.5 -0.4
0.637896825396857 0.197222222222171
0.7125 0.2515625
0.539285714285714 0.334151785714286
0.373958333333425 0.06927083333325
0.545362718089909 0.132874196510618
0.466071428571421 0.0572368421052632
0.560909090909 0.2739393939394
0.827777777777833 0.154166666666667
0.875 -0.5
0.805909090909 0.06575757575766
1 1
0.8125 0.5125
0.15625 0.19375
0.576736111111125 0.4024305555555
0.57083333333325 0.14166666666675
0.5823809523809 0.0198214285714
0.528409090909047 0.205340909091
0.21636363636354 0.09090909090916
0.6125 -0.025
0.443526170798909 0.0732093663911818
0.348461538461538 0.160256410256462
0.397222222222125 0.223611111111125
0.443506493506667 0.160608064774778
0.366666666666667 0.0666666666666667
0.36 0.35
0.541274509803924 0.490974264705882
0.574825174825077 0.234877622377692
0.49702380952375 0.12834821428575
0.5444444444445 0.272222222222167
0.4 0.5
0.598148148148 -0.2854497354496
0.5 0.3125
0.541383219954571 0.234722222222286
0.6671428571429 0.2214285714286
0.511029122392727 0.303113931523
0.61171875 0.2638671875
0.507916666666662 0.29163825757575
0.7083333333335 -0.0109375
0.3914141414145 0.1799242424244
0.6401515151515 0.0956912878787875
0.520833333333286 0.119047619047714
0.39488636363625 -0.034659090909
1 0.4
0.29250000000025 0.02416666666675
0.4780555555556 0.09027777777773
0.499404761904857 0.0422619047618572
0.776515151515333 0.478787878788
0.513888888888833 0.3
0.471494708994667 0.145568783068617
0.466666666666714 -0.0255952380952857
0.3 0.068181818182
0.486125541125556 0.187800625300667
0.8041666666665 0.28020833333325
0.50535714285725 0.60178571428575
0.3854166666665 0.45208333333335
0.5650757575756 0.1191477272728
0.9 0.4
0.418518518518444 0.179861111111111
0.7625 0.20859375
0.428027210884286 0.225388321995429
0.544392644392667 0.195686026936022
0.396717171717167 0.01401515151515
0.54374999999975 0.163541666666825
0.3504761904762 0.1293452380952
0.603463203463143 -0.0885281385280429
0.360267857142837 0.184598214285712
0.522395833333375 -0.0078125
0.5499437229436 0.21638311688326
0.61596850861553 0.295435977421318
0.3391666666666 0.2658333333334
0.560956790123411 0.283207070707111
0.49030934343425 0.243308080808083
0.375520833333462 -0.0189453125
0.3933333333334 0.0433333333334
0.472222222222333 0.061111111111
0.3651515151515 0.17954545454545
0.501298701298571 0.224675324675429
0.39166666666675 0.20208333333325
0.5674851190475 0.177554563492
0.665277777777833 -0.0146464646465
0.5853625541125 0.184983766233817
0.595012626262625 0.266003787878875
0.483333333333333 0.277083333333333
0.593278943279 0.0502913752913769
0.42365981240977 0.11858405483397
0.601041666666625 0.103125
0.432407407407417 0.052662037037
0.342168560606 0.2092234848485
0.65 0.75
0.680952380952428 0.0548701298702286
0.638333333333375 0.1206640625
0.53039772727275 0.124562026515113
0.3226666666666 0.1108333333334
0.50625 -0.16875
0.4903022572665 0.014233534322875
0.25625 0.0703125
0.48404761904754 -0.00642857142858
0.575408163265286 0.334455782312914
0.566666666666667 0.0166666666666667
0.542063492063429 0.2547619047619
0.5352272727275 0.073484848485
0.67395833333325 0.271875
0.833333333333 0.433333333333
0.503896103896072 0.149770021645071
0.524167499167538 0.234090909090908
0.3918898809525 0.15625
0.580735930736 0.18230519480525
0.5432765151515 0.209753787878837
0.62613636363625 0.421590909091
0.5988888888889 0.3290625
0.472607022607 0.179301948051986
0.546237889094857 0.0148732220160714
0.454545454545 0.136363636364
0.320370370370386 0.00185185185175714
0.4775793650793 0.0567857142857
0.504807692307746 0.204193376068385
0.388988095238 0.1040674603175
0.3549567099567 0.06046536796548
0.9 0.8
0.423015873015875 0.034300595238125
0.6266666666666 0.17375
0.3891666666666 -0.0875
0.6133333333334 -0.16
0.689583333333338 0.154166666666663
0.629445857173182 0.106330260648427
0.28333333333335 -0.13333333333335
0.409090909090833 -0.0217171717171667
0.437183523547064 -0.111054538895418
0.451623376623364 0.258717040535245
0.394524793388455 0.205440771349909
0.27249999999985 -0.00125
0.578571428571429 0.135714285714286
0.482323232323273 0.0805871212120909
0.678571428571333 -0.054761904762
0.549692932728693 0.174414210128493
0.39 0.2092857142855
0.517793726741053 0.128275043669747
0.519047619047667 0.223322510822667
0.1 0
0.477438271604889 -0.0467614638447778
0.604545454545455 0.293560606060636
0.302142857142857 -0.0635714285714286
0.463257575757667 0.121338383838267
0.2575 0.0822916666666
0.533333333333333 0.0333333333333333
0.5333116883116 0.2219101731601
0.6875 -0.3125
0.435 0.2125
0.5 0.1
0.575278808493095 0.0871567717996667
0.490340909090875 0.160227272727375
0.728058361391667 0.584595959596
0.3944444444445 -0.04444444444445
0.636111111111111 0.302777777777778
0.227272727273 0.0681818181818
0.438888888889 0.166666666666667
0.5319444444445 0.181597222222167
0.678240740740833 0.202777777777833
0.40916666666666 -0.06249999999994
0.630423280423286 0.149735449735357
0.578030303030286 0.248376623376714
0.588888888889 0.230555555555667
0.504823232323273 0.179621212121209
0.4653571428572 0.095
0.517592592592589 0.129629629629633
0.375 -0.0397727272725
0.675 0.290277777777783
0.3333333333335 0.22083333333335
0.532363315696667 0.322552910052889
0.45 0.1625
0.59595959596 0.128787878788
0.3678138528136 0.178582251082324
0.573986391694708 -0.03353049342635
0.716666666666667 0.2
0.445117845117778 0.151374859708156
0.559152752009857 0.215483920841143
0.275 0.195833333333333
0.718632756132667 0.229878021284333
0.3772727272725 0.148181818182
0.5733333333332 0.21125
0.480808080808111 0.304797979798
0.3809090909092 0.2481060606062
0.6375 -0.0625
0.368055555555625 -0.023350694444375
0.545 0.36
0.3854545454546 0.3138068181818
0.590625 0.2011363636365
0.454545454545 0.136363636364
0.75 0.2666666666666
0.698333333333333 0.25
0.305606060606064 0.0160037878787636
0.427777777778 0.0666666666666667
0.678125 0.226822916666675
0.6364962121212 -0.0369886363636
0.517893217893182 0.179491341991255
0.739393939394 0.459595959596
0.65416666666675 -0.24791666666675
0.433116883116857 -0.1493506493506
0.566200466200515 0.114189976689977
0.77 0.08
0.154761904762 0
0.66887254901953 -0.118188184364665
0.476041666666662 0.00208333333333751
0.478172619047588 0.351970102813712
0.5272727272725 -0.131818181818
0.570138888888883 0.025
0.460606060606 0.195
0.5885714285714 -0.00491071428580001
0.447159090908925 0.198106060606
0.52 0.43113636363636
0.6108333333333 -0.09304924242426
0.560416666666625 0.439583333333375
0.671835839599 -0.0612155388471737
0.61875 0.06875
0.6 0
0.625396825396833 0.208730158730167
0.4584166666667 0.05438888888885
0.216666666666667 0.3
0.583333333333 0.633333333333
0.384256253006333 -0.112953944204067
0.384999999999962 0.21678571428575
0.31335978836 0.1874338624338
0.5416792929293 0.1667121212121
0.574260175450667 0.270404154927944
0.475793650793667 0.27113997114
0.57301136363625 0.173153409091
0.426046918767453 0.128714985994371
0.857142857143 -0.714285714286
0.659116161616 0.19084911616156
0.531859410430714 0.157490723562143
0.525 0.245
0.604734848485 0.25246212121225
0.764 0.296
0.39791666666675 0.0875
0.435128205128 0.1966666666666
0.427840909090892 0.0581439393939833
0.35 -0.15
0.365200989486714 0.0428153988868571
0.429166666666675 0.1875
0.43333333333325 0.1191964285715
0.551225895316818 0.250977961432545
0.555820105820333 -0.301587301587333
0.6045238095239 0.1449107142857
0.353846153846131 0.0573717948718462
0.484324850233909 0.127665179937881
0.6043434343434 0.0186363636364
0.480268959435667 -0.103813932980567
0.5916666666666 0.06666666666666
0.7 -0.35
0.4 0.075
0.19999999999985 0.125
0.525 0.166666666666667
0.655921855921857 -0.128174603174557
0.513780663780571 0.228747294372321
0.41227938727925 -0.010739260739375
0.326191165123446 0.0698447145061533
0.472210197210222 0.243827411014889
0.689898989899 0.319191919192
0.36875 -0.05625
0.333333333333 0.25
0.9 0.55
0.5508333333334 0.1975
0.509511784511778 0.0924715909091111
0.629629629629667 0.105555555555556
0.4866666666666 0.2775
0.266666666666667 0.3
0.599583333333333 0.113784722222225
0.416666666666667 0.222916666666667
0.5833333333335 0.3125
0.414444444444333 0.164444444444433
0.539126984127 0.191296296296222
0.512878787878714 0.235173160173286
0.687037037037 0.461111111111167
0.7 -0.1625
0.409722222222225 0.0409722222221917
0.4888888888888 0.2220833333334
0.5067234848485 0.0914772727274
0.484848484848 0.270454545455
0.3797979797978 0.2863131313132
0.388888888888889 0.44375
0.502768759018643 0.0665223665223714
0.518294051627333 0.0563131313132222
0.423015873015667 0.084126984127
0.6455555555554 0
0.65 0.75
0.577901463615714 0.240695539579443
0.345238095238 0.125
0.5 0.0916666666666667
0.5118686868685 0.188005050505167
0.766666666666667 0.551041666666667
0.53 0.28
0.427777777777667 0.583333333333333
0.308333333333175 0.05416666666675
0.6566666666666 -0.0683333333334
0.3840909090908 0.20661616161616
0.314646464646567 0.039393939394
0.43560606060575 0.238162878788
0.488631102693583 0.250078914141417
0.506579685746444 0.133207070707128
0.552020202020111 0.276346801346889
0.830303030303 0.37537878787885
0.5585824915824 0.08425252525252
0.281771799628857 0.137615955473143
0.3266666666666 0.0633333333334
0.502074314574231 0.156757825507846
0.355555555556 0.3
0.443055555555667 -0.159166666666667
0.64833333333334 0.22
0.461816578483144 0.0907276510140889
0.728571428571429 0.00089285714285714
0.6125 -0.268229166666625
1 1
0.7538888888888 0.095
0.47576884920625 0.04935515873005
0.2083333333335 0.05
0.449105639730583 0.198313867845108
0.443161375661429 0.0842857142857143
0.539772727273 0.0681818181818
0.642857142857167 -0.3738095238095
0.565909090909 0.3107954545455
0.643473854188143 0.261084484298886
0.6259253246753 0.1911147186147
0.54875 0.280795454545625
0.225 -0.10625
0.28928571428575 0.0604910714285
0.403174603175 0.02579365079365
0.666046626984125 0.336346726190475
0.51296932234425 -0.0730082417582625
0.4 0.625
0.4983333333334 0.016875
0.632267115600444 0.0374579124579111
0.536868686868667 0.344949494949667
0.589141414141444 0.0825757575757556
0.637409812409778 0.400072150072222
0.7272727272725 0.380681818182
0.712962962962938 0.325954861111062
0.7375 0.525
0.55 0.088888888889
0.633333333333 0.4
0.581636904761875 0.28674107142859
0.5100000000002 -0.09472222222234
0.4336111111112 0.09333333333334
0.456684904601478 0.034145021645
0.497222222222333 0.0833333333333333
0.645 0.3390625
0.4583333333335 0.6625
0.5 0.515
0.4006926406928 -0.0461255411256
0.477777777777667 -0.15
0.75 -0.4
0.547982804232833 0.125099206349167
0.580909090909 0.3072727272728
0.673611111111 0.119047619047571
0.654938271604833 0.431635802469
0.499999999999975 0.089141414141475
0.55 0.145
0.424552114552143 0.0489993339993857
0.539646464646 0.376893939394
0.65 -0.25
0.532102272727213 0.0423295454545625
0.9 0.525
0.524358974359 0.267307692307692
0.629938271605 0.290817901234556
0.474689754689667 0.334264069264133
0.340277777777833 0.320833333333333
0.5125 0.0125
0.562665112665077 0.190994075369154
0.24625 0.115
0.308333333333325 0.07916666666675
0.475 0.1
0.421262325637285 -0.018847628066345
0.4073333333334 -0.1715
0.61984848484847 -0.1003787878788
0.5125 0.494791666666667
0.6 0
0.644444444444333 0.061111111111
0.6054191468255 0.104892113095313
0.49516327561327 0.05659826839827
0.875 0.309090909091
1 1
0.501851851851856 0.181851851851889
0.38082386363625 0.355965909091
0.633333333333 -0.416666666667
0.462426900584895 0.0837181020733895
0.6033333333334 0.1133333333334
0.555744385822375 0.0704105790044375
0.532524420024423 0.0578273289210346
0.5870202020201 0.0831060606061
0.521496212121 0.083664772727375
0.10833333333325 -0.04375
0.6125 0.1841666666667
0.7305555555555 0.492361111111
0.5272727272725 0.418181818182
0.605871212121 -0.188446969696875
0.72431818181825 0.3245454545455
0.5033333333334 0.2870833333334
0.256547619047571 0.152380952381
0.36964285714275 0.259375
0.4875 0.2092948717949
0.556818181818182 0.0806818181818182
0.460678210678 0.0756042568542672
0.2344444444444 -0.0522222222222
0.803535353535333 0.222727272727333
0.284259259259286 0.0242183742183714
0.6375 -0.0625
0.475 0.15
0.435202020201833 0.0816161616163833
0.545909090909 0.0372727272728
1 -0.5
1 1
0.288888888889 -0.155555555556
0.476272338772319 0.236908143939438
0.4955555555556 0.206666666666666
0.5885 0.6168125
0.5770833333335 0.2333333333335
0.7 0.4
0.53730313337455 0.134610582869493
0.5 0.1725
0.4 0.0984375
0.466071428571429 -0.0505952380952857
0.4767739898989 0.0564141414141
0.665860990860833 0.433237133237167
0.5954545454546 0.205303030303
0.610185185185167 0.435900673400667
0.594336219336 0.27474927849939
0.355555555555567 0.15
0.35 0.35
0.175 0.025
0.588194444444475 0.148459201388917
0.5780952380953 0.3171726190476
0.61760531135525 0.131066849816725
0.6725 0.3036904761906
0.310606060606 0.001893939394
0.525432900432909 0.0936688311688818
0.3104444444444 0.1955
0.542900432900667 0.0731637806638333
0.619513314967727 0.301928374655727
0.555555555555667 0.0166666666666667
0.658333333333333 0.1694444444445
0.60215343915337 0.2308278018278
0.338888888888818 0.120202020202018
0.468181818181857 -0.170616883116857
0.25 -0.025
0.466666666666667 0.229166666666667
0.72847222222225 -0.01875
0.4743023989899 0.19497632575754
0.66964285714275 -0.0375
0.225 0
0.5416666666665 0.3125
0.523214285714286 0.132115800865857
0.43863636363625 0.28200757575775
0.419981060606083 0.192834595959583
0.461111111111167 0.1305555555555
0.555555555555667 0.452777777777667
0.555868437118423 -0.125950091575065
0.4666666666665 -0.075
0.21681818181825 0.00704545454545
0.308333333333283 0.204166666666667
0.348148148148 0.0925925925926667
0.6833333333335 0.0777777777777
0.6 0.3125
0.558806818181714 0.20439049586785
0.684848484848333 0.273484848485
0.4 0.1
0.50446428571425 0.2957589285715
0.4601515151514 0.0070454545456
0.417769532055143 0.0850204854669143
0.484595959596 0.40037878787875
0.504916512059429 0.104638218923929
0.587694250194077 0.198242035742077
0.663419913419667 -0.025974025974
0.47288284632025 0.270468073593125
0.4697402597404 0.1031601731602
0.7420833333334 0.2375
0.6786733071455 0.115565375982061
0.388425925925833 -0.123148148148167
0.6089285714285 0.3526785714285
0.683333333333333 0.3
0.4 0.4
0.452878787878727 0.2380303030303
0.25 -0.05
0.583333333333 0.416666666667
0.3944444444445 0.3583333333335
1 0
0.40972222222225 0.156944444444325
0.5555555555555 0.15
0.536147186147143 -0.00367965367959999
0.344444444444 -0.127777777778
0.55 0.116666666666667
0.493576388888938 0.0349826388888938
0.577777777777667 -0.05
0.575 0.075
0.599569103735778 0.0472490279782333
0.475093118686875 0.129286616161644
0.483368945869 0.21946508352763
0.494011784511778 0.120020202020222
0.445231729055277 0.144696969696963
0.4904704785955 0.291358074795625
0.269100091827391 -0.000529442148745455
0.551273148148083 0.125231481481517
0.592460317460286 0.0682539682539714
0.474238261738231 0.0355685980686923
0.53863636363625 0.18835227272725
0.535812672176273 0.121625344352664
0.565136054421857 0.247448979591857
0.75 0.568181818182
0.8370535714285 0.4839285714285
0.663762626263 0.2107954545455
0.266666666666667 0
0.683333333333333 0.3569444444445
0.523102453102429 0.147994227994214
0.553463203463111 0.265668590668667
1 0.05
0.291057900433 0.044460227272725
0.958333333333333 0.308333333333333
0.642857142857 0.214285714286
0.73802083333325 0.41041666666675
0.45 -0.015909090909
0.512265512265667 0.0354256854256667
0.5 0.225
0.398214285714214 0.124999999999974
0.634629629629667 -0.107777777777778
0.47522727272727 0.19056818181821
0.684848484848333 -0.121212121212
0.615277777777833 0.334154040404
0.5125 0.3625
0.45 0.1420454545455
1 0.375
0.2 0.2
0.55487012987 0.304545454545571
0.442508417508167 0.228261784511867
0.4471717171718 0.0264015151516
0.52 0.33
0.590277777777667 0.246180555555567
0.502380952381 0.395238095238143
0.435912698412625 0.124404761904713
0.537316017316 -0.0238528138527571
0.483333333333313 0.254565972222227
0.489583333333307 0.283333333333286
0.639814814814667 -0.187037037036933
0.5688888888888 0.05808080808076
0.2708333333335 -0.1458333333335
0.525042087542111 0.184595959595967
0.425 -0.16041666666675
0.6 0.5
0.58745851370855 0.272753427128475
0.376515151515 0.195454545454667
0.25 0
0.81510416666675 0.3671875
0.506281565656583 0.0422664141414167
0.505 0.2733333333334
0.6 0.7
0.5166666666668 0.10375
0.631234567901222 0.206188271604889
0.53744949494957 0.3616792929293
0.504414515525556 -0.146822390572311
0.574962121212 0.2155303030303
0.4190476190475 0.147321428571375
0.546907854050714 -0.030179344465
0.592019400352667 0.251587301587333
0.4146984126985 0.186214285714337
0.663955026455111 0.262599206349222
0.4952777777778 0.1363888888888
0.888888888889 0.1
0.65 0.45
0.4935615079365 0.067003968254
0.581471028970923 0.250144490925831
0.6 0.235
0.509848484848283 0.085037878788
0.3817708333333 -0.008984375
0.9375 0.05
0.62939393939397 0.1718181818182
0.5847186147184 0.1971536796536
0.550505050505 0.00227272727260001
0.415648007038214 0.248242446329157
0.611904761904857 0.2154761904761
0.67614087301575 0.165662202380913
0.495373907138529 0.144624554367171
0.4099999999998 0.1016666666666
0.6 0.5
0.3375000000001 -0.116071428571429
0.7395833333335 0.4791666666665
0.4479166666665 0.0583333333335
0.46609848484825 0.219318181818275
0.478341450216375 0.17792207792225
0.640398886827429 0.3890074211504
0.661904761904667 -0.151587301587333
0.596242183742167 0.338455988455967
0.378315203315222 0.0223905723905556
0.425 0.55
0.602083333333333 0.18125
0.6139604377104 0.123303872053867
0.3042140151515 -0.0116003787877875
0.593658008658 0.0474134199133909
0.22967592592595 0.04560185185185
0.441931216931167 0.135540674603167
0.688888888889 0.123232323232333
0.463668150031773 0.174001377410486
0.424746031746 0.10812698412699
0.483838383838333 0.231818181818233
0.816666666666667 0.5625
0.630934343434308 -0.0222011784510833
0.8 -0.177777777778
0.375000000000125 0.091666666666625
0.6420265151515 -0.11083648989895
0.601111111111167 0.161041666666639
0.366666666667 -0.35
0.6030064935064 0.3371233766235
0.334523809523857 0.0416666666666143
0.643584656084667 0.141038359788333
0.4269047619048 0.205238095238
0.480555555555567 0.225
0.694217687074857 0.0648384353741429
0.42083333333325 0.25
0.485 0.2525
0.542424242424167 -0.143939393939333
0.575285682454823 0.124042884199101
0.5639772727273 0.1401515151515
0.585317460317444 0.192438271604944
0.295806277056125 0.037594485592625
0.6138095238094 0.0438095238094
0.677991452991539 0.0777777777777539
0.61 0.26
0 -0.05
0.5733333333334 0.3266666666666
0.697222222222333 0.127777777777667
0.2772727272725 0.118181818182
0.47871527777775 -0.0134288194445
0.43124999999995 0.0347222222221667
0.430909090909 0.0622727272728
0.5579545454545 0.2511363636365
0.608599257885 0.246819727891226
0.435051406926333 0.0864132395383083
0.585277777777783 0.337291666666667
0.486612244898 0.12483333333334
0.594211344211231 0.237252331002385
0.38020833333325 -0.11250000000025
0.59375 -0.0229166666665
0.6125 0.47916666666675
0.39444444444445 0.251388888888833
0.572783389450111 0.223160799462889
0.558221099887667 0.142929292929333
0.367326388888833 -0.0275694444445
0.5396717171717 0.1861237373738
0.35198412698405 0.118353174603217
0.474074074074111 0.0425925925925889
0.4833333333335 -0.1666666666665
0.635984848484875 -0.0298295454545
0.411087920016478 0.04703669346525
0.45681818181825 -0.02982954545455
0.29015151515175 0.24204545454545
0.489078282828333 0.227904040404008
0.750617283950667 0.524074074074111
0.5770833333335 -0.1
0.546260221260111 0.196933621933667
0.523051948051929 0.0709036796536429
0.454545454545 0.170454545455
0.6 0.7
0.625 0.4375
0.470690235690222 0.144966329966444
0.5680555555555 0.306597222222167
0.6108333333334 0.3333333333334
0.7125 0.245833333333325
0.410541125541 -0.071367965368
0.7404545454545 0.2201704545455
0.454545454545 0.136363636364
0.555411255411143 0.193885281385286
0.447222222222333 -0.218055555555333
0.86666666666675 0.175
0.632421436588111 0.00446127946136111
0.5954545454546 -0.20636363636364
0.603228715728593 0.176524170274214
0.401862026862077 0.140109890109923
0.55309523809526 0.35053571428566
0.7886363636365 0.609090909091
0.533597883597833 0.0905092592593667
0.4772727272725 -0.081818181818
0.6816666666666 0.47
0.6 0.3
0.7483333333333 0.2933333333333
0.65 0.25
0.7 0.36875
0.457156886323444 0.165852974186333
0.358585858585818 0.128030303030273
0.424563492063429 0.00321428571428573
0.83333333333325 0.55625
0.5740555555554 -0.0551666666666
0.682112794612667 -0.1143939393939
0.65 0.2
0.366666666666667 0.3625
0.5316666666666 -0.1833333333334
0.5752380952381 0.2200297619047
0.3956944444444 0.1739583333333
0.428619528619444 0.120314253647667
0.370833333333333 -0.0333333333333333
0.594897959183571 0.168707482993143
0.427272727273 0.118181818182
0.3 1
0.532359307359286 0.164826839826857
0.5781746031745 0.2031746031745
0.466666666666625 0.332638888888875
0.479635642135636 0.1068903318903
0.166666666667 0
0.349296536796417 0.164709595959583
0.592162698412714 0.154171176046143
0.421875 -0.0171875
0.328703703703667 0.327199074074
0.37083333333325 0.01770833333325
0.653055555555583 0.203775252525317
0.5 -0.225
0.3875 -0.0375
0.543379629629667 -0.0166666666666666
0.510909090909 -0.0527272727272
0.5958106060607 0.27879734848488
0.422222222222333 0.238888888889
0.399870129869957 0.0258658008658572
0.365674603174571 0.0740079365078571
0.391354166666625 0.11229166666675
0.166666666667 0.275
0.48660984848475 0.2132954545455
0.42714420995675 0.037614989177395
0.483086419753067 0.0158333333333333
0.495578231292429 0.0350340136054286
0.5964285714285 -0.02544642857145
0.521111111111 -0.2566666666666
0.55446428571425 0.51623376623375
0.458080808080882 0.0780303030303
0.57398989899 0.0118265993265
0.486334940312091 0.253179522497727
0.543518518518588 0.386458333333375
0.745 0.4775
0.457407407407333 0.290740740740667
0.48125 0.05956439393935
0.558333333333417 0.109325396825333
0.719753086419778 0.221851851851889
0.521984126984 0.1040476190476
0.6536195286195 0.166109006734
0.33787878787875 0.361363636363625
0.25 0.125
0.544696969697 0.149010942760978
1 -1
0.5 0
0.6 -0.4
0.505808080808111 0.2457702020202
0.486474867724833 -0.08687169312175
0.460580808080727 0.0645959595959182
0.401515151515 0.212121212121
0.6875 0
0.404695767195667 0.199999999999975
0.6 0.16875
0.499922906311804 0.0683904521404926
0.6666163003662 0.17020146520143
0.6229004329004 0.3909307359308
0.3 0.25
0.5875 0.50625
0.6282196969695 -0.00890151515125
0.555952380952428 0.016369047619
0.421969696969675 0.08070549242425
0.465625 0.078125
0.305555555555567 -0.127777777777667
0.6875757575758 0.4133143939394
0.713888888889 0.11979166666665
0.50625 0.1375
0.3349062049062 0.0723051948052
0.557727272727 0.1451515151518
0.4 0.51833333333334
0.516666666666714 0.114285714285714
0.4456845238095 0.202056277056286
0.576875 0.245
0.825 -0.075
0.444351851851833 0.123981481481483
0.6155555555556 0.11
0.453535353535333 0.353282828282833
1 -0.666666666667
0.520202020202 0.239393939393933
0.57714285714284 -0.11309523809522
0.438131313131333 0.222643097643056
0.2595454545454 0.14106060606062
0.622221500721533 0.1988077200578
0.567013888888875 0.115624999999962
0.4 -0.2
0.271527777777783 -0.04444444444445
0.533080808080833 0.200883838384
0.65 0.1
0.530952380952333 0.126388888888889
0.5273593073594 0.0772077922078
0.514267676767692 0.42576546717175
0.529487179487154 -0.104166666666692
0.2666666666665 0.275
0.675 -0.2875
0.44 0.135
0.4 0.0166666666666667
0.440476190476243 0.209523809523814
0.25 0.05
0.491666666666667 0.308333333333333
0.420580808080778 0.212018999519
0.5229166666665 -0.0078125
0.363194444444417 0.084880050505
0.247222222222175 0.023090277777875
0.575 0.12125
0.55416666666675 0.125520833333375
0.804761904762 0.285714285714333
0.461811294765909 0.112672176308618
0.78125 0.225
0.636363636363572 0.380194805194857
0.64990079365075 -0.0223214285715
0.1 0
0.651515151515 0.412121212121333
0.566666666666667 0.466666666666667
0.534926739926714 0.0602747252746572
0.477777777777667 0.45
0.4623015873015 -0.000694444444409992
0.455555555555667 -0.00138888888876667
0.5872685185185 -0.0175925925925722
0.66 0.1771875
0.39962962963 0.151481481481
0.45 0.166666666666667
0.605921717171727 0.312316919191909
0.320833333333383 0.0902777777777833
0.566865079365 0.1821527777778
0.456349206349143 0.0857142857142857
0.4969696969696 0.2319480519482
0.4625 0.333333333333425
0.575595238095167 0.0996031746031667
0.724074074074111 0.000336700336777771
0.466934496479909 -0.0376147842056788
0.366666666666667 -0.1
0.75 -0.1125
0.445021645021636 0.0869047619047545
0.4625 0.2625
0.6858333333333 -0.1875
0.305555555555333 0.158333333333333
0.4680555555555 0.273611111111167
0.495918367347 0.229591836734714
0.485173160173143 0.169480519480571
0.659075091575154 0.0462716139473077
0.516346153846154 0.0557692307692308
0.6276587301587 0.30513888888883
0.6187777777778 -0.20177777777786
1 -0.5
0.52458333333325 0.17083333333325
0.3589285714285 0.195833333333333
0.331313131313333 0.000505050504999993
0.2 0.14166666666665
0.6875 -0.034375
0.530555555555667 0.0527777777776667
0.565277777777783 0.03125
0.643452380952333 0.28928571428575
0.498792873792923 0.210558191808231
0.65 0.386111111111
0.3474545454544 0.0218863636363
0.2 0
0.6194444444444 0.0161111111111333
0.166666666667 -0.208333333333
0.734848484848333 0.378787878788
0.76536616161615 0.401401515151535
0.7333333333335 0.0333333333335
0.50928571428572 -0.01
0.5 0
0.6 -0.475
0.5401515151513 0.20568181818198
0.567857142857 0.1375
0.593939393939333 0.0515151515153333
0.888888888889 -0.075
0.664241622575111 -0.156701940035289
0.412169312169333 0.0347222222223333
0.480555555555567 -0.100694444444333
0.5 0.136363636364
0.552777777777833 0.0875
0.517316017315857 0.0778138528139
0.59801136363625 0.355965909091
0.5516666666666 0.2716666666666
0.6466666666666 0.36625
0.581515151515 0.262121212121333
0.8 0.4
0.675 0.4375
0.571428571428571 0.025
0.5 0.5
0.6033333333334 0.1172727272728
0.442708333333313 0.04765625
0.638271604938333 0.05625
0.5257575757575 0.0310606060606667
0.652759740259667 0.125946969697
0.532986111111125 -0.0788194444444125
0.368939393939 0.07651515151535
0.4 0.3566666666666
0.25 -0.125
0.2416666666665 0.0791666666665
0.56574074074075 0.02337962962975
0.506965761511091 0.218579053522359
0.677361853832471 0.136237373737312
0.494444444444444 0.0516203703703667
0.517519517519539 0.15584739334741
0.56625 0.1775
0.8 0.4
0.625 0.475
0.333333333333333 0.141666666666667
0.616666666666667 0.333333333333333
0.3416666666665 -0.1
0.531397306397333 -0.0477798821550333
0.4960227272725 0.305681818182
0.5518518518519 0.08759259259248
0.4479938271605 0.262191358024667
0.376406926406667 0.100937950938
0.477777777777833 0.154166666666667
0.216666666667 -0.183333333333
0.5 0.5
0.581080705009286 0.162217068645643
0.454545454545 0.136363636364
0.5979166666665 0.36041666666675
0.524182299182333 0.127191558441667
0.68458994709 0.379947165103375
0.668998015873125 0.18821924603175
0.4753888888888 0.1415
0.166666666667 0
0.514015151515167 0.3447601010101
0.452685950413182 0.165332300275545
0.518333333333357 0.145357142857121
0.495 -0.0325
0.516666666666667 0.508333333333333
0.532440476190675 0.1684523809525
0.4881439393939 0.13223484848485
0.521092171717167 0.032611531986525
0.599426406926334 -0.0152326839826667
0.566666666666667 0.4
0.396523809524 0.24585714285725
0.28541666666675 -0.09791666666675
0.515178571428571 0.0377976190476143
0.591287878787889 0.175210437710433
0.440563140563222 0.0281274281274444
0.556112637362592 0.166964285714258
0.8944444444445 0.45
0.606349206349143 0.253472222222214
0.3719696969695 0.00909090909099999
0.519767807949609 0.106324281778909
0.38000420875425 0.014582281144775
0.498844211344231 0.145240870240869
0.6716212121212 0.1403863636364
0.2 0.125
0.4609523809524 0.2661904761906
0.7444444444445 0.13333333333325
0.680555555555667 0.00833333333333334
0.399537037036875 0.0588541666667088
0.335606060606091 0.3125
0.483012265512133 0.112431457431533
0.755555555555556 0.502777777777778
0.415909090909 0.1047727272728
0.907142857142857 0.482142857142857
0.26815476190475 0.012946428571425
0.373958333333338 0.0734374999999625
0.416666666666667 0.0708333333333333
0.731818181818125 0.04025974025975
0.8 0.6625
0.40378787878775 -0.090530303030225
0.479691142191077 0.159753787878854
0.825 0.3
0.5260894660896 -0.11176046176052
0.502777777777667 -0.153703703703667
0.4479797979799 0.4005050505051
0.609401709401667 -0.076923076923
0.489183501683333 0.125968013468083
0.344444444444333 0.076388888889
0.3122053872055 -0.00652356902356667
0.601839826839857 0.144480519480529
0.553856421356417 0.190087481962517
0.434848484848333 0.028787878788
0.644814814814667 0.277407407407333
0.476587301587333 0.126587301587333
0.332222222222333 0.0844444444443333
0.647222222222167 0.189583333333333
0.546296296296 0.268518518518333
1 -0.5
0.550909090909 0.1972727272728
0.455246362433857 -0.0343039021163571
0.4 0.275
0.6067424242424 -0.3085606060606
0.683429887106294 0.191213606654776
0.472916666666625 0.01944444444445
0.531759906759923 0.343288655788662
0.6087878787879 0.210037878788
0.350785634118889 0.0511924803591222
0.553689393939412 0.187931818181828
0.4 0.03125
0.6354545454544 0.1986363636364
0.5714814814815 0.460925925926
0.327380952381 -0.003950216450215
0.35 -0.075
0.573958333333375 0.191595643939387
0.308333333333333 0.216666666666667
0.362626262626 0.0232323232323333
0.662626262626 0.409343434343667
0.7 0.5
0.4116666666666 0.04666666666666
0.8444444444445 0.15
0.65625 0.17291666666675
0.5845454545454 -0.1572727272728
0.596333874458857 0.136444805194814
0.243055555555667 0.1
0.2666666666665 -0.1083333333335
0.4 0.2
0.493220899470833 -0.0238095238095
0.473412698412714 -0.196924603174671
0.7875 0.25
0.533867394179917 0.140816798941758
0.65 0.1625
0.5 -0.1875
0.21 0.105
0.8 -0.166666666666667
0.1886363636365 0.04261363636365
0.50497191300755 0.102614151721357
0.605291005290889 0.199735449735333
0.565 -0.0233333333333
0.705555555555667 0.174305555555667
0.4954166666667 0.08291666666667
0.551190476190429 0.430357142857143
0.438095238095143 0.0642857142857143
0.526234567901222 0.176132856341155
0.507638888888833 0.327777777777833
0.427777777778 0.0277777777778
0.320488980716182 0.123381542699727
0.4 1.38777878078145e-17
0.64119318181825 0.210984848484875
0.281122448979571 0.354081632653057
0.4806428571428 0.03013095238095
0.6648884680135 0.122348484848483
0.345779220779 0.115219155844325
0.581428571428572 0.425714285714286
0.464444444444427 0.156111111111167
0.52613636363625 0.321590909091
0.432891156462571 0.0426190476191429
0.596296296296333 -0.0851851851853333
0.321717171717 0.102272727272867
0.3272727272725 0.118181818182
0.272222222222233 0.1
0.5275757575756 0.2872727272728
0.3 0.24375
0.43125 -0.107291666666668
0.36 0.225
0.577142857142857 0.140714285714286
0.488095238095143 0.101785714285714
0.7142857142855 0.107142857143
0.666666666666667 -0.133333333333333
0.380463728190909 0.272655532598727
0.685669191919111 0.0874894781145694
0.495162563131313 0.13988320707065
0.5771825396825 0.21428571428575
0.39455128205125 -0.024358974359
0.3232441603535 0.0673334911616437
0.25681818181825 0.02954545454545
0.4855555555555 0.3066666666666
0.1732142857145 -0.0785714285715
0.65 0.3125
0.6144444444444 0.0388888888888
1 -0.8
0.522222222222233 -0.03125
0.505209235209167 0.205726010101033
0.5346296296296 0.0513425925926
0.586688311688193 0.263744588744643
0.545833333333333 0.2336805555555
0.602121212121182 0.144696969697
0.25 0.116666666666667
0.4578787878786 0.2540246212121
0.571338383838444 0.324179292929333
0.2889069264069 -0.0179112554112
0.531843171296312 -0.03285590277775
0.4 0.1
0.4247264309765 0.121380471380517
0.444328703703642 -0.0233796296296267
0.486647727272625 0.232765151515125
0.604166666666667 0.2694444444445
0.4007034632035 0.0586038961039125
0.431613756613725 0.443425925925917
0.6 0.5
0.491622574955889 0.0815917107583333
0.486851851851856 0.132322530864222
0.541517857143 0.069494047619125
0.5014285714286 0.03399350649356
0.261111111111 0.07916666666675
0.43 0.1658333333334
0.535714285714 0.285714285714
0.383333333333333 -0.15
0.5966666666666 -0.0260714285714
0.533333333333333 0.2
0.692857142857143 0.376785714285714
0.48367003367 0.1538089225588
0.712727272727273 0.285454545454545
0.816435185185167 0.3131944444445
0.505698005698 0.00128205128192223
0.508677248677222 -0.0576731601731611
0.533854166666687 0.1796875
0.9 0.1
0.335592031425333 0.119093714927011
0.716666666666667 0.2
0.565488215488111 0.266498316498333
0.454545454545 0.136363636364
0.387474747474778 0.103296857463456
0.502252043224222 0.226640065181783
0.2 -0.2
0.561111111111 0.208333333333325
0.825 0.34375
0.5 0.5
0.526871980676304 0.153956960913496
0.513388991960571 0.0816017316018286
0.830357142857143 0.392857142857143
0.404 -0.08275
0.68863636363625 0.784090909091
0.522222222222231 0.173076923076915
0.5 -0.15
0.407205513784368 0.153007518796968
0.6 0.8
0.617424242424273 0.0863636363636364
0.550530303030332 0.0947916666666864
0.566251803751818 0.283910533910545
0.44097222222225 0.03424873737375
0.3258588435375 0.129668367346957
0.524961149961077 0.221270396270369
0.52051767676775 0.07294823232325
0.5416666666665 0.4375
0.449499158249142 0.0742803030303583
0.8 0.5125
0.45 -0.275
0.681036931818125 0.1100142045455
0.75 -0.125694444444333
0.659090909091 0.522727272727333
0.1 0.05
0.74 -0.00708333333337501
0.522234848484833 -0.07226010101005
0.395749158249058 0.05140993266
0.589015151515 0.295454545454667
0.7 0.4
0.5355555555554 0.1177777777778
0.488653581267182 0.205630165289256
0.7113492063492 -0.04309523809527
0.4694444444445 0.275
0.75 0.0625
0.525 0.41875
0.333333333333 0.25
0.405952380952333 0.0684523809523333
0.647005772005818 0.268005050505055
0.45 -0.0333333333335
0.404166666666667 0.170833333333333
0.429292929293 0.295454545455
0.6 0.25
0.433838383838333 0.0207070707070667
0.0666666666667 0
0.3116666666666 0.1142857142856
0.406249999999875 0.094270833333375
0.5726666666668 0.07
0.4772727272725 0.218181818182
0.607041705571059 -0.0476696234048706
0.642261904761917 -0.144246031746058
0.57948495370375 -0.03402777777775
0.6969696969695 0.45075757575775
0.588888888888833 0.11805555555555
0.544226354453545 0.159366391184609
0.538585858585818 0.092095959596
0.4125 0.0625
0.8 0.75
0.53 -0.0299999999999977
0.333333333333375 0.215476190476213
0.925 0.125
0.449100378787919 0.267542613636319
0.516666666666625 0.237499999999962
0.456944444444429 0.103486394557814
0.405586164677 0.279706152433418
0.43310897435901 -0.02652777777773
0.622077922077909 0.539772727272727
0.3138095238096 0.17511904761916
0.7 -0.05
0.0666666666667 0
0.402284451659442 0.106698232323235
0.640909090909 -0.03606060606054
0.609920634920667 0.381159060846583
0.5045047619048 0.392738095238
0.46519230769231 0.01645833333323
0.3 -0.1
0.8 0.1
1 0.3125
0.1 0
0.716666666666667 0.35
0.65 0.075
0.8 -0.2
0.459925722425692 0.116798941798923
0.40625 0.152083333333334
0.728240740740667 0.196759259259
0.6625 0.0125
0.35 -0.04375
0.559166666666643 0.0641666666667357
0.357034632034571 0.378896103896143
0.295833333333333 0.079861111111
0.5947474747476 0.1113131313133
0.5508076298701 0.314728084415605
0.5366666666666 0.1766666666666
0.488409090909091 0.0515909090909091
0.31 -0.165
0.289832251082286 -0.0227110389610429
0.761904761904667 -0.180952380952333
0.48780808080815 0.10816761363635
0.634999999999929 0.0455938852814357
0.5 -0.09375
0.5 0.3625
0.496515151515 0.303579545454667
0.558796296296333 0.1064814814815
0.37 0.13
0.456481481481333 0.0393518518516667
0.4 -0.05
0.535408936301714 0.234461966604857
0.5216666666666 -0.07545454545453
0.673425925925889 0.177685185185189
0.6333333333335 -0.2
0.55 -0.25
0.719444444444 0.5916666666665
0.612794612794556 0.241014309764311
0.6401515151515 0.1795454545455
0.60625 0.301678240740833
0.446428571428571 0.207142857142857
0.5 0.1875
0.925 0.21875
0.576190476190429 0.211904761904757
0.484176587301625 -0.01319444444445
0.643270365997636 0.310015741834
0.32666666666674 0.565
0.554773500309143 0.0625502473717286
0.390229677729667 0.0952721661054989
0.58046875 -0.06171875
0.438661370195409 0.127489997376345
0.44030952380943 0.01213961038964
0.85 0.25
0.390902777777788 -0.105625
0.577553310886522 -0.0103535353534444
0.6 0.5
0.75 0.45
0.427438248026394 0.156340718105471
0.51229595959592 0.0706444128788
0.448313492063429 0.101835317460429
0.522717282717154 0.120034965034923
0.5958333333334 0.1491666666667
0.455205415499529 0.190703781512569
0.260515873015875 0.042757936507875
0.6743988997114 0.20863861832615
0.307070707070667 0.115151515151667
0.551515151515 0.053787878788
0.647222222222333 -0.530555555555667
0.524 0.171
0.606105324074125 0.367773437500019
0.548992673992714 0.144184981685
0.66666666666675 -0.1
0.575925925925889 0.223611111111111
0.71458333333325 0.19375
0.5269444444445 -0.149166666666675
0.58125 0.15
0.730555555555556 0.308333333333333
0.4 0.4
0.497166105499444 0.130106621773267
0.574404761904714 0.057160894661
0.499908172635364 0.139669421487727
0.551620370370333 0.104398148148167
0.534322820037071 0.167482220160864
0.528054353054222 0.178543620731222
0.3333333333332 0.19
0.492084106369857 0.141179653679643
0.525 0.0703125
0.62916666666675 0.25208333333325
0.774074074074 -0.349537037037
0.3142666666666 0.0550666666668
0.425 -0.016666666666675
0.563095238095286 0.294642857142857
0.60113636363625 0.146590909091
0.625 0.275
0.5 0.375
0.537530062529833 0.415981240981333
0.4943939393939 0.02431818181818
0.560402097902 -0.0497502497501429
0.6 0.258333333333333
0.68125 -0.30625
0.706597222222167 0.320833333333275
0.570386904761917 0.050347222222225
0.554166666666625 0.0109375
0.5 0.5
0.716666666666667 -0.15
0.527064007421143 0.345083487940657
0.4579545454545 0.0596590909092
0.555455347122 0.0763588263588889
0.4292207792205 0.1996753246755
0.575372775372778 -0.0119648869648111
0.554166666666714 0.320424107142804
0.5521885521885 0.014825336700375
0.79166666666675 -0.040625
0.661111111111 0.155555555555667
0.428409090909 0.0439393939394
0.54449179292925 0.05489267676775
0.507251082251 0.195887445887455
0.426845376845362 -0.0161664724164615
0.65 0.375
0.816666666666667 0.566666666666667
0.467063492063667 -0.262103174603333
0.71 -0.2175
0.575 0.3666666666665
0.3 0.25
0.434301346801333 0.167971380471367
0.473809523809571 0.00714285714285714
0.725 -0.0545454545454667
0.592550505050525 0.0723484848485
0.550925925926 -0.04907407407405
0.725925925926 0.114814814814667
0.466666666666667 0.633333333333333
0.425 0.225
0.429749879749778 0.0356180856181
0.4944444444445 0.2555555555555
0.657142857142857 -0.373214285714286
0.488576238576191 -0.0213804713804381
0.53095238095225 0.08541666666675
0.623412698412667 0.496031746031833
0.626551226551167 0.315131692670794
0.465696649030033 0.211882716049333
0.429785954785833 0.193792087542042
0.5211904761906 0.03047619047626
0.0666666666667 0
0.425568181818125 -0.0079545454545
0.708165445665462 0.329532967032969
0.686111111111 -0.49444444444445
0.625351874756667 0.351731995407619
0.5711111111111 0.1316666666667
0.398863636363667 0.270075757575833
0.5694444444445 0.05625
0.523042087542167 0.1061792929293
0.5625 0.11875
0.58814484127 0.14330357142875
0.608576719576733 0.296698412698333
0.75 0
0.3209523809524 0.10476190476194
0.577678571429 0.0526785714286
0.2 0.1
0.6135449735448 0.0605820105819
0.547222222222167 0.046875
0.456198347107364 0.142768595041336
0.7375 0.48125
0.489335664335667 0.226010101010333
0.607368326118286 0.0426271645021929
0.536419753086444 -0.0365740740740778
0.9 -0.5
0.42916666666675 -0.0875
0.436785714285714 0.111428571428571
0.563492063492167 0.372023809523833
0.4983333333334 0.2166666666666
0.9 0.1
0.57798382173375 -0.110434790903625
0.55 0.35
0.79875 0.298125
0.69696969697 -0.065909090909
0.429292929292667 -0.021212121212
0.707142857142857 0.285714285714286
0.7466666666667 0.2027083333333
1 -0.4375
0.3 0.188383838383833
0.9 -0.2
0.409583333333375 -0.0653125
1 0.2875
0.613244047619 -0.0209821428571429
0.442601010101 -0.0476641414141611
0.216666666667 -0.0833333333333
0.562307256235836 0.118567176870786
0.397979797979667 0.336616161616333
0.270729166666587 -0.0096875
0.339351851851889 0.062037037037
0.755 -0.4466666666666
0.54 0.03
0.49375 0.00833333333337498
1 0.40625
0.6842424242422 0.4539393939394
0.431098646723667 0.186168981481483
0.46 -0.025909090909
0.394494047619 0.052777777777875
0.496969696969636 0.101420454545455
0.4512554112554 0.16022546897556
0.5366666666666 0.18666666666666
0.5 0.289285714285714
0.571904761904733 0.113214285714333
0.549634740259833 0.2280303030303
0.384341794569 0.186747343565454
0.461374954021882 0.137846249611005
0.486525974026 -0.0302922077922
0.816666666666667 -0.15
0.475 -0.211875
0.3375 0.2125
0.6444444444445 -0.125
0.561164021164 0.0186243386243333
0.6034444444444 0.10862121212114
0.4927272727272 0.12181818181836
0.60303030303 0.240909090909333
0.277777777777667 0.516666666666667
0.6083333333335 0.1666666666665
0.4863095238095 0.239285714285717
0.5354208754208 0.129065656565733
0.659401709401692 0.194190705128231
0.469876543209878 -0.0164814814814111
0.485335497835479 0.0993506493507
0.337820512820462 0.205769230769254
0.5838744588745 -0.159956709956525
0.520913682277364 0.190857438016573
0.4832431457431 0.00157287157289999
0.414285714285671 0.39268707483
0.655880230880286 0.183946608946543
0.52974537037025 0.177777777777808
0.85416666666675 0.06640625
0.586309523809429 0.00267857142852856
0.449537037037 0.260185185185222
0.3145598845598 0.0967833092833133
0.285714285714 -0.178571428571
0.746212121212 0.194696969697
0.867424242424167 0.162784090909167
0.5985714285714 -0.0580303030303
0.418402777777712 -0.0217013888888887
0.500126262626286 0.221446608946546
0.494318181818273 -0.092803030303
0.486141098484875 0.112035984848562
1 0
0.0666666666667 0
0.233333333333433 -0.233333333333333
0.7444444444445 0.125
0.126923076923 0.040705128205
0.399007936507833 0.123115079365
0.534405745769364 0.386393152302273
0.9166666666665 -0.2833333333335
0.533333333333286 0.333928571428571
0.679629629629667 0.216666666666667
0.3 0.390625
0.5228492063492 -0.13319047619044
0.62 0.045
0.493276515151458 0.068434343434375
0.604734028597591 0.0818747540338182
0.6 0.7
0.5149537037037 0.150555555555556
0.436406926406857 0.152207792207786
0.388888888888889 0.266666666666667
0.533962892817056 0.325447180134722
0.797916666666667 0.125347222222225
0.478592796092846 0.0519055250305384
0.446778711484647 0.00980392156864708
0.569387755102 0.510544217687143
0.5156565656565 0.0156565656567
0.675 0.18125
0.2 0.1875
1 0.5
0.387222222222167 0.241666666666667
0.573546348096333 0.323643434343487
0.7508641975308 0.0406172839506066
0.576388888889 0.148611111111
0.81590909090925 0.18570075757575
0.428373015873 -0.139285714285667
0.699236111111 0.079583333333325
0.6684372294372 0.14587012987016
0.582004830917869 0.166279644268774
0.533333333333333 0.05
0.4122916666666 0.0806150793651
0.641666666666675 0.26953125
0.678571428571457 -0.316369047619
0.6116666666666 0.11
0.5 0.078125
0.85 0.25
0.345615243342455 0.223255280073382
0.4383333333333 0.0933333333333
0.493710456210385 -0.0434482184481538
0.475 0.36875
0.615432098765444 0.199537037037033
0.551623376623333 0.114922664141458
0.550303030303 0.51575757575758
0.5925925925925 0.293265993265967
0.311868686868617 0.0282828282828333
0.3954545454545 0.06590909090925
0.499132231404909 0.1433608815427
0.704861111111063 0.584097855179375
0.695673323092645 0.150358422939077
0.492936507936533 0.1912698412698
0.4 0
0.3069444444445 0.06666666666675
0.395370370370333 0.0814814814814444
0.534235209235222 0.0469336219336778
0.5071428571428 -0.06
0.604700854700846 0.000373931623923082
0.644444444444 -0.377777777778
0.45872222222227 0.13884090909091
0.565856953892667 0.130949546485243
0.4944444444444 0.1
0.459523809523857 0.126785714285714
0.597321428571375 0.29553571428575
0.482395382395429 0.0367424242424286
0.554870129870182 0.0370670995670364
0.5875 0.0689102564102538
0.426717322029625 0.0162931397306
0.3883333333334 0.1425
0.51666666666675 0.00833333333324998
0.546969696969727 -0.0348484848484818
0.6281313131312 -0.0532828282828
0.425 0.125
1 0.7
0.582338263588214 0.18000033820345
0.509920634920667 0.132539682539667
0.4 -0.4
0.5633333333334 -0.17
0.665079365079429 0.025432900433
0.375 0.125
0.529166666666625 0.16875
0.6189682539682 0.166433531746
0.455157287157247 0.089215007215
0.846969696969727 -0.324952651515182
0.5883333333334 0.25916666666666
0.58446969697 0.359090909091
0.622222222222167 0.321296296296333
0.37 0.38916666666666
0.558012820512808 -0.000641025641038462
0.875 0.4375
0.55 0.08
0.457342657342692 0.00425407925415384
0.566666666666667 0.5
0.570775226757286 0.290208333333286
0.35 0.1
0.74 0.512
0.6625 0.18125
0.538888888889 0.255555555555567
0.569916310541292 0.148317307692292
0.736111111111167 0.0444444444445
0.0833333333333333 0.125
0.619444444444333 -0.063888888889
0.595524691358 -0.378105709876556
0.393131313131273 0.0461363636363636
0.573872180451053 -0.0414786967418421
0.727777777777667 -0.155555555555667
0.544696969697 -0.0296085858584833
0.690277777777833 0.254166666666667
0.1 0
0.5510606060606 -0.05022727272727
0.415189712248571 0.0499379297172882
0.4666666666665 0.0166666666665
0.705555555555555 0.380092592592556
0.39375 -0.20625
0.585606060606091 0.2145316804408
0.514539241622667 -0.06009149029985
0.537051066217667 0.228970258136922
0.548114478114467 0.05121212121212
0.556018518518556 0.0986111111111111
0.680593133718083 0.111047979798017
0.1 -0.1
0.4339285714285 0.1714285714285
0.666300366300385 0.248511904761923
0.56908212560387 0.291238471673304
0.51875 0.372727272727333
0.5663888888888 0.2375
0.536363636363636 -0.246212121212091
0.56625 -0.0894921875
0.470897435897467 0.290833333333333
0.435119047619 0.224404761904675
0.5 0.953674316406
0.487980519480465 0.12577669552668
0.29 -0.01
0.2 0.1
0.8 -0.15
0.666666666666667 0.227777777777767
0.1 0
0.5 0.5
0.216666666666667 0.183333333333333
0.296574074074111 -0.035
0.6888888888889 0.315
0.452037545787615 0.0373168498169
0.588221500721429 -0.146013708513714
0.55 -0.15
0.517361111111083 0.185416666666667
0.866666666666667 0.35
0.6452014652014 0.3831135531136
0.2125 -0.00416666666675
0.2522727272725 0.068181818182
0.390065622208484 -0.0360561396275216
0.362500000000043 -0.0660714285714286
0.7375 -0.0166666666666667
0.288888888889 -0.155555555556
0.175 0
0.55 0.35
0.405625 0.155427320075712
0.6 0.5
0.467129629629533 -0.0507407407407
0.5045454545455 0.336363636363667
0.589403292181111 0.154423868312778
0.337626262626 0.112121212121333
0.39001082251077 0.17651515151522
